DiaMesAno,HoraMinutosSegundos,Latitude,Longitude,Velocidade,Altitude,Satelites,GyroX,GyroY,GyroZ
2392015,15153,0.00000,0.00000,0.00,0.00,0,0.00,0.00,0.00
2392015,15154,0.00000,0.00000,0.00,0.00,0,0.00,0.00,0.00
2392015,15154,0.00000,0.00000,0.00,0.00,0,-1.05,0.00,0.00
2392015,15154,0.00000,0.00000,0.00,0.00,0,-1.05,0.00,0.00
2392015,15154,0.00000,0.00000,0.00,0.00,0,-1.05,0.00,0.00
2392015,15154,0.00000,0.00000,0.00,0.00,0,-1.05,0.00,0.00
2392015,15154,0.00000,0.00000,0.00,0.00,0,-1.05,0.00,0.00
2392015,15154,0.00000,0.00000,0.00,0.00,0,-1.05,0.00,0.00
2392015,15154,0.00000,0.00000,0.00,0.00,0,-1.05,0.00,0.00
2392015,15154,0.00000,0.00000,0.00,0.00,0,-1.05,0.00,0.00
2392015,15154,0.00000,0.00000,0.00,0.00,0,-1.05,0.00,0.00
2392015,15155,0.00000,0.00000,0.00,0.00,0,-1.05,0.00,0.00
2392015,15155,0.00000,0.00000,0.00,0.00,0,-1.05,0.00,0.00
2392015,15155,0.00000,0.00000,0.00,0.00,0,-1.05,0.00,0.00
2392015,15155,0.00000,0.00000,0.00,0.00,0,-1.05,0.00,0.00
2392015,15155,0.00000,0.00000,0.00,0.00,0,-1.05,0.00,0.00
2392015,15155,0.00000,0.00000,0.00,0.00,0,-1.05,0.00,0.00
2392015,15155,0.00000,0.00000,0.00,0.00,0,-1.05,0.00,0.00
2392015,15155,0.00000,0.00000,0.00,0.00,0,-2.16,0.00,0.00
2392015,15155,0.00000,0.00000,0.00,0.00,0,-2.16,0.00,0.00
2392015,15155,0.00000,0.00000,0.00,0.00,0,-2.16,0.00,0.00
2392015,15156,0.00000,0.00000,0.00,0.00,0,-2.58,0.00,0.00
2392015,15156,0.00000,0.00000,0.00,0.00,0,-2.58,0.00,0.00
2392015,15156,0.00000,0.00000,0.00,0.00,0,-2.58,0.00,0.00
2392015,15156,0.00000,0.00000,0.00,0.00,0,-2.58,0.00,0.00
2392015,15156,0.00000,0.00000,0.00,0.00,0,-2.58,0.00,0.00
2392015,15156,0.00000,0.00000,0.00,0.00,0,-3.23,0.00,0.00
2392015,15156,0.00000,0.00000,0.00,0.00,0,-3.23,0.00,0.00
2392015,15156,0.00000,0.00000,0.00,0.00,0,-3.23,0.00,0.00
2392015,15156,0.00000,0.00000,0.00,0.00,0,-3.23,0.00,0.00
2392015,15156,0.00000,0.00000,0.00,0.00,0,-3.23,0.00,0.00
2392015,15156,0.00000,0.00000,0.00,0.00,0,-3.23,0.00,0.00
2392015,15157,0.00000,0.00000,0.00,0.00,0,-3.23,0.00,0.00
2392015,15157,0.00000,0.00000,0.00,0.00,0,-3.55,0.00,0.00
2392015,15157,0.00000,0.00000,0.00,0.00,0,-3.55,0.00,0.00
2392015,15157,0.00000,0.00000,0.00,0.00,0,-3.55,0.00,0.00
2392015,15157,0.00000,0.00000,0.00,0.00,0,-3.55,0.00,0.00
2392015,15157,0.00000,0.00000,0.00,0.00,0,-3.55,0.00,0.00
2392015,15157,0.00000,0.00000,0.00,0.00,0,-4.80,0.00,0.00
2392015,15157,0.00000,0.00000,0.00,0.00,0,-4.80,0.00,0.00
2392015,15157,0.00000,0.00000,0.00,0.00,0,-4.80,0.00,0.00
2392015,15157,0.00000,0.00000,0.00,0.00,0,-4.80,0.00,0.00
2392015,15157,0.00000,0.00000,0.00,0.00,0,-4.80,0.00,0.00
2392015,15157,0.00000,0.00000,0.00,0.00,0,-4.80,0.00,0.00
2392015,15158,0.00000,0.00000,0.00,0.00,0,-4.80,0.00,0.00
2392015,15158,0.00000,0.00000,0.00,0.00,0,-5.89,0.00,0.00
2392015,15158,0.00000,0.00000,0.00,0.00,0,-7.87,0.00,0.00
2392015,15158,0.00000,0.00000,0.00,0.00,0,-7.87,0.00,0.00
2392015,15158,0.00000,0.00000,0.00,0.00,0,-7.87,0.00,0.00
2392015,15158,0.00000,0.00000,0.00,0.00,0,-8.32,0.00,0.00
2392015,15158,0.00000,0.00000,0.00,0.00,0,-8.32,0.00,0.00
2392015,15158,0.00000,0.00000,0.00,0.00,0,-8.32,0.00,0.00
2392015,15158,0.00000,0.00000,0.00,0.00,0,-8.32,0.00,0.00
2392015,15158,0.00000,0.00000,0.00,0.00,0,-8.32,0.00,0.00
2392015,15159,0.00000,0.00000,0.00,0.00,0,-8.32,0.00,0.00
2392015,15159,0.00000,0.00000,0.00,0.00,0,-8.32,0.00,0.00
2392015,15159,0.00000,0.00000,0.00,0.00,0,-8.32,0.00,0.00
2392015,15159,0.00000,0.00000,0.00,0.00,0,-8.32,0.00,0.00
2392015,15159,0.00000,0.00000,0.00,0.00,0,-8.32,0.00,0.00
2392015,15159,0.00000,0.00000,0.00,0.00,0,-8.32,0.00,0.00
2392015,15159,0.00000,0.00000,0.00,0.00,0,-8.67,0.00,0.00
2392015,15159,0.00000,0.00000,0.00,0.00,0,-8.67,0.00,0.00
2392015,15159,0.00000,0.00000,0.00,0.00,0,-8.67,0.00,0.00
2392015,1520,0.00000,0.00000,0.00,0.00,0,-8.67,0.00,0.00
2392015,1520,0.00000,0.00000,0.00,0.00,0,-8.67,0.00,0.00
2392015,1520,0.00000,0.00000,0.00,0.00,0,-8.67,0.00,0.00
2392015,1520,0.00000,0.00000,0.00,0.00,0,-9.21,0.00,0.00
2392015,1520,0.00000,0.00000,0.00,0.00,0,-9.21,0.00,0.00
2392015,1520,0.00000,0.00000,0.00,0.00,0,-9.21,0.00,0.00
2392015,1520,0.00000,0.00000,0.00,0.00,0,-9.21,0.00,0.00
2392015,1520,0.00000,0.00000,0.00,0.00,0,-9.21,0.00,0.00
2392015,1520,0.00000,0.00000,0.00,0.00,0,-9.21,0.00,0.00
2392015,1521,0.00000,0.00000,0.00,0.00,0,-9.21,0.00,0.00
2392015,1521,0.00000,0.00000,0.00,0.00,0,-9.21,0.00,0.00
2392015,1521,0.00000,0.00000,0.00,0.00,0,-9.21,0.00,0.00
2392015,1521,0.00000,0.00000,0.00,0.00,0,-9.21,0.00,0.00
2392015,1521,0.00000,0.00000,0.00,0.00,0,-10.09,0.00,0.00
2392015,1521,0.00000,0.00000,0.00,0.00,0,-10.09,0.00,0.00
2392015,1521,0.00000,0.00000,0.00,0.00,0,-10.09,0.00,0.00
2392015,1521,0.00000,0.00000,0.00,0.00,6,-10.09,0.00,0.00
2392015,1521,0.00000,0.00000,0.00,0.00,6,-10.09,0.00,0.00
2392015,1522,0.00000,0.00000,0.00,0.00,6,-10.09,0.00,0.00
2392015,1522,0.00000,0.00000,0.00,0.00,6,-10.09,0.00,0.00
2392015,1522,0.00000,0.00000,0.00,0.00,6,-10.09,0.00,0.00
2392015,1522,0.00000,0.00000,0.00,0.00,6,-10.09,0.00,0.00
2392015,1522,0.00000,0.00000,0.00,0.00,6,-10.09,0.00,0.00
2392015,1522,0.00000,0.00000,0.00,0.00,6,-10.09,0.00,0.00
2392015,1522,0.00000,0.00000,0.00,0.00,6,-10.09,0.00,0.00
2392015,1522,0.00000,0.00000,0.00,0.00,7,-10.09,0.00,0.00
2392015,1523,0.00000,0.00000,0.00,0.00,7,-10.09,0.00,0.00
2392015,1523,0.00000,0.00000,0.00,0.00,7,-10.09,0.00,0.00
2392015,1523,0.00000,0.00000,0.00,0.00,7,-10.09,0.00,0.00
2392015,1523,0.00000,0.00000,0.00,0.00,7,-10.09,0.00,0.00
2392015,1523,0.00000,0.00000,0.00,0.00,7,-10.09,0.00,0.00
2392015,1523,0.00000,0.00000,0.00,0.00,7,-10.09,0.00,0.00
2392015,1523,0.00000,0.00000,0.00,0.00,7,-10.09,0.00,0.00
2392015,1523,0.00000,0.00000,0.00,0.00,7,-10.09,0.00,0.00
2392015,1523,0.00000,0.00000,0.00,0.00,7,-10.09,0.00,0.00
2392015,1524,0.00000,0.00000,0.00,0.00,7,-10.92,0.00,0.00
2392015,1524,0.00000,0.00000,0.00,0.00,7,-12.64,0.00,0.00
2392015,1524,0.00000,0.00000,0.00,0.00,7,-12.64,0.00,0.00
2392015,1524,0.00000,0.00000,0.00,0.00,7,-12.64,0.00,0.00
2392015,1524,0.00000,0.00000,0.00,0.00,7,-12.64,0.00,0.00
2392015,1524,0.00000,0.00000,0.00,0.00,7,-12.64,0.00,0.00
2392015,1524,0.00000,0.00000,0.00,0.00,7,-14.36,0.00,0.00
2392015,1524,0.00000,0.00000,0.00,0.00,7,-14.36,0.00,0.00
2392015,1524,0.00000,0.00000,0.00,0.00,7,-14.90,0.00,0.00
2392015,1524,0.00000,0.00000,0.00,0.00,7,-14.90,0.00,0.00
2392015,1525,0.00000,0.00000,0.00,0.00,7,-14.90,0.00,0.00
2392015,1525,0.00000,0.00000,0.00,0.00,7,-15.71,0.00,0.00
2392015,1525,0.00000,0.00000,0.00,0.00,7,-17.75,0.00,0.00
2392015,1525,0.00000,0.00000,0.00,0.00,7,-17.75,0.00,0.00
2392015,1525,0.00000,0.00000,0.00,0.00,7,-17.75,0.00,0.00
2392015,1525,-34.85061,-7.14096,20.61,0.00,7,-17.75,0.00,0.00
2392015,1525,-34.85061,-7.14096,20.61,0.00,7,-17.75,0.00,0.00
2392015,1526,-34.85061,-7.14096,20.61,130.50,6,-17.75,0.00,0.00
2392015,1526,-34.85061,-7.14096,20.61,130.50,6,-17.75,0.00,0.00
2392015,1526,-34.85061,-7.14096,20.61,130.50,6,-17.75,0.00,0.00
2392015,1526,-34.85061,-7.14096,20.61,130.50,6,-17.75,0.00,0.00
2392015,1526,-34.85061,-7.14096,20.61,130.50,6,-17.75,0.00,0.00
2392015,1526,-34.85061,-7.14096,20.61,130.50,6,-17.75,0.00,0.00
2392015,1526,-34.85061,-7.14096,20.61,130.50,6,-17.75,0.00,0.00
2392015,1526,-34.85065,-7.14094,14.54,130.50,6,-17.75,0.00,0.00
2392015,1527,-34.85065,-7.14094,14.54,130.50,6,-17.75,0.00,0.00
2392015,1527,-34.85065,-7.14094,14.54,127.00,7,-17.75,0.00,0.00
2392015,1527,-34.85065,-7.14094,14.54,127.00,7,-17.75,0.00,0.00
2392015,1527,-34.85065,-7.14094,14.54,127.00,7,-17.75,0.00,0.00
2392015,1527,-34.85065,-7.14094,14.54,127.00,7,-18.68,0.00,0.00
2392015,1527,-34.85065,-7.14094,14.54,127.00,7,-18.68,0.00,0.00
2392015,1527,-34.85065,-7.14094,14.54,127.00,7,-18.68,0.00,0.00
2392015,1527,-34.85065,-7.14094,14.54,127.00,7,-18.68,0.00,0.00
2392015,1528,-34.85070,-7.14094,9.02,127.00,7,-18.68,0.00,0.00
2392015,1528,-34.85070,-7.14094,9.02,127.00,7,-18.68,0.00,0.00
2392015,1528,-34.85070,-7.14094,9.02,105.00,8,-18.68,0.00,0.00
2392015,1528,-34.85070,-7.14094,9.02,105.00,8,-18.68,0.00,0.00
2392015,1528,-34.85070,-7.14094,9.02,105.00,8,-18.68,0.00,0.00
2392015,1528,-34.85070,-7.14094,9.02,105.00,8,-18.68,0.00,0.00
2392015,1528,-34.85070,-7.14094,9.02,105.00,8,-18.68,0.00,0.00
2392015,1528,-34.85070,-7.14094,9.02,105.00,8,-18.68,0.00,0.00
2392015,1528,-34.85070,-7.14094,9.02,105.00,8,-18.68,0.00,0.00
2392015,1529,-34.85072,-7.14096,13.85,105.00,8,-18.68,0.00,0.00
2392015,1529,-34.85072,-7.14096,13.85,105.00,8,-19.21,0.00,0.05
2392015,1529,-34.85072,-7.14096,13.85,100.60,7,-19.21,0.00,0.05
2392015,1529,-34.85072,-7.14096,13.85,100.60,7,-19.21,0.00,0.05
2392015,1529,-34.85072,-7.14096,13.85,100.60,7,-19.21,0.68,0.05
2392015,1529,-34.85072,-7.14096,13.85,100.60,7,-19.21,0.68,0.05
2392015,1529,-34.85072,-7.14096,13.85,100.60,7,-19.21,0.68,0.05
2392015,1529,-34.85072,-7.14096,13.85,100.60,7,-19.21,0.68,0.05
2392015,15210,-34.85072,-7.14096,13.85,100.60,7,-19.21,0.68,0.05
2392015,15210,-34.85072,-7.14097,14.00,100.60,7,-20.56,0.68,0.16
2392015,15210,-34.85072,-7.14097,14.00,100.60,7,-20.56,1.06,0.16
2392015,15210,-34.85072,-7.14097,14.00,101.40,7,-20.56,1.06,0.16
2392015,15210,-34.85072,-7.14097,14.00,101.40,7,-20.56,1.06,0.16
2392015,15210,-34.85072,-7.14097,14.00,101.40,7,-20.56,1.06,0.16
2392015,15210,-34.85072,-7.14097,14.00,101.40,7,-17.98,2.23,0.16
2392015,15211,-34.85072,-7.14097,14.00,101.40,7,-17.98,4.32,0.16
2392015,15211,-34.85072,-7.14097,14.00,101.40,7,-17.98,4.32,0.16
2392015,15211,-34.85072,-7.14097,14.00,101.40,7,-17.98,4.32,0.16
2392015,15211,-34.85072,-7.14097,7.69,101.40,7,-17.98,4.32,0.16
2392015,15211,-34.85072,-7.14097,7.69,101.40,7,-17.98,4.32,0.22
2392015,15211,-34.85072,-7.14097,7.69,99.80,8,-17.98,4.32,0.42
2392015,15211,-34.85072,-7.14097,7.69,99.80,8,-17.98,4.32,0.42
2392015,15211,-34.85072,-7.14097,7.69,99.80,8,-17.98,4.32,0.42
2392015,15212,-34.85072,-7.14097,7.69,99.80,8,-17.98,4.32,0.42
2392015,15212,-34.85072,-7.14097,7.69,99.80,8,-17.98,4.32,0.42
2392015,15212,-34.85072,-7.14097,7.69,99.80,8,-17.98,4.32,0.42
2392015,15212,-34.85072,-7.14097,7.69,99.80,8,-17.98,4.32,0.42
2392015,15212,-34.85073,-7.14096,2.22,99.80,8,-17.98,4.32,0.42
2392015,15212,-34.85073,-7.14096,2.22,99.80,8,-17.98,4.32,0.42
2392015,15212,-34.85073,-7.14096,2.22,100.20,8,-17.98,4.32,0.42
2392015,15212,-34.85073,-7.14096,2.22,100.20,8,-17.98,4.32,0.42
2392015,15212,-34.85073,-7.14096,2.22,100.20,8,-17.98,4.32,0.42
2392015,15213,-34.85073,-7.14096,2.22,100.20,8,-17.98,4.32,0.42
2392015,15213,-34.85073,-7.14096,2.22,100.20,8,-17.98,4.32,0.42
2392015,15213,-34.85073,-7.14096,2.22,100.20,8,-17.98,4.32,0.42
2392015,15213,-34.85073,-7.14096,2.22,100.20,8,-17.98,4.32,0.42
2392015,15213,-34.85074,-7.14098,5.35,100.20,8,-19.68,4.32,0.42
2392015,15213,-34.85074,-7.14098,5.35,100.20,8,-19.68,4.32,0.42
2392015,15213,-34.85074,-7.14098,5.35,94.40,7,-19.68,4.32,0.42
2392015,15213,-34.85074,-7.14098,5.35,94.40,7,-19.68,4.32,0.42
2392015,15214,-34.85074,-7.14098,5.35,94.40,7,-19.68,4.32,0.42
2392015,15214,-34.85074,-7.14098,5.35,94.40,7,-19.68,4.32,0.42
2392015,15214,-34.85074,-7.14098,5.35,94.40,7,-19.68,4.32,0.42
2392015,15214,-34.85074,-7.14098,5.35,94.40,7,-19.68,4.32,0.42
2392015,15214,-34.85074,-7.14098,5.35,94.40,7,-20.68,4.32,0.42
2392015,15214,-34.85075,-7.14098,6.30,94.40,7,-20.68,4.32,0.42
2392015,15214,-34.85075,-7.14098,6.30,94.40,7,-21.31,4.32,0.42
2392015,15214,-34.85075,-7.14098,6.30,92.30,7,-21.31,4.32,0.42
2392015,15215,-34.85075,-7.14098,6.30,92.30,7,-21.31,4.32,0.42
2392015,15215,-34.85075,-7.14098,6.30,92.30,7,-21.31,4.32,0.42
2392015,15215,-34.85075,-7.14098,6.30,92.30,7,-24.30,4.32,0.42
2392015,15215,-34.85075,-7.14098,6.30,92.30,7,-23.66,4.32,0.22
2392015,15215,-34.85075,-7.14098,6.30,92.30,7,-23.66,3.98,0.22
2392015,15215,-34.85075,-7.14098,6.30,92.30,7,-25.10,4.39,0.22
2392015,15215,-34.85076,-7.14098,6.02,92.30,7,-24.08,4.39,0.01
2392015,15215,-34.85076,-7.14098,6.02,92.30,7,-21.13,4.39,0.01
2392015,15216,-34.85076,-7.14098,6.02,92.30,7,-20.95,4.39,0.22
2392015,15216,-34.85076,-7.14098,6.02,92.30,7,-20.95,4.39,0.22
2392015,15216,-34.85076,-7.14098,6.02,92.30,7,-18.98,3.13,0.09
2392015,15216,-34.85076,-7.14098,6.02,92.30,7,-23.51,3.13,0.27
2392015,15216,-34.85076,-7.14098,6.02,92.30,7,-26.48,2.11,0.45
2392015,15216,-34.85076,-7.14098,6.02,92.30,7,-23.89,2.46,0.34
2392015,15216,-34.85076,-7.14098,6.02,92.30,7,-27.40,3.40,0.39
2392015,15216,-34.85076,-7.14097,5.44,92.30,7,-28.32,1.39,0.38
2392015,15216,-34.85076,-7.14097,5.44,92.30,7,-22.52,1.74,0.38
2392015,15217,-34.85076,-7.14097,5.44,93.10,7,-22.52,2.70,0.38
2392015,15217,-34.85076,-7.14097,5.44,93.10,7,-21.04,2.52,0.46
2392015,15217,-34.85076,-7.14097,5.44,93.10,7,-21.04,2.52,0.46
2392015,15217,-34.85076,-7.14097,5.44,93.10,7,-13.84,2.52,-0.00
2392015,15217,-34.85076,-7.14097,5.44,93.10,7,-7.87,3.26,-0.00
2392015,15217,-34.85076,-7.14097,5.44,93.10,7,-12.51,3.26,0.09
2392015,15217,-34.85076,-7.14097,5.44,93.10,7,-25.99,3.26,0.52
2392015,15217,-34.85076,-7.14095,8.74,93.10,7,-46.04,1.91,1.07
2392015,15218,-34.85076,-7.14095,8.74,93.10,7,-47.34,-1.90,0.87
2392015,15218,-34.85076,-7.14095,8.74,94.20,9,-50.91,-1.90,0.57
2392015,15218,-34.85076,-7.14095,8.74,94.20,9,-52.90,-1.90,0.53
2392015,15218,-34.85076,-7.14095,8.74,94.20,9,-33.96,-3.36,-0.27
2392015,15218,-34.85076,-7.14095,8.74,94.20,9,-20.16,-3.36,-0.97
2392015,15218,-34.85076,-7.14095,8.74,94.20,9,-13.64,-1.37,-1.35
2392015,15218,-34.85076,-7.14095,8.74,94.20,9,-15.17,-0.83,-1.35
2392015,15218,-34.85076,-7.14095,8.74,94.20,9,-23.34,-0.07,-1.05
2392015,15219,-34.85075,-7.14092,11.69,94.20,9,-33.52,-0.07,-0.58
2392015,15219,-34.85075,-7.14092,11.69,94.20,9,-31.77,-1.57,-0.60
2392015,15219,-34.85075,-7.14092,11.69,93.00,7,-14.52,-6.02,-1.43
2392015,15219,-34.85075,-7.14092,11.69,93.00,7,-5.11,-5.69,-1.43
2392015,15219,-34.85075,-7.14092,11.69,93.00,7,-2.40,-2.10,-1.75
2392015,15219,-34.85075,-7.14092,11.69,93.00,7,5.96,0.29,-1.75
2392015,15219,-34.85075,-7.14092,11.69,93.00,7,13.24,0.35,-1.89
2392015,15219,-34.85075,-7.14092,11.69,93.00,7,13.24,0.45,-1.89
2392015,15220,-34.85075,-7.14092,11.69,93.00,7,11.69,0.45,-1.89
2392015,15220,-34.85077,-7.14089,13.39,93.00,7,18.25,3.02,-2.27
2392015,15220,-34.85077,-7.14089,13.39,93.00,7,16.91,3.02,-2.20
2392015,15220,-34.85077,-7.14089,13.39,95.90,7,16.91,0.38,-1.87
2392015,15220,-34.85077,-7.14089,13.39,95.90,7,16.91,0.36,-1.93
2392015,15220,-34.85077,-7.14089,13.39,95.90,7,28.61,0.73,-2.26
2392015,15220,-34.85077,-7.14089,13.39,95.90,7,44.86,0.73,-2.89
2392015,15220,-34.85077,-7.14089,13.39,95.90,7,64.58,0.73,-3.52
2392015,15221,-34.85077,-7.14089,13.39,95.90,7,73.95,-0.57,-3.94
2392015,15221,-34.85077,-7.14089,13.39,95.90,7,76.09,-1.76,-4.25
2392015,15221,-34.85077,-7.14086,14.43,95.90,7,76.09,-1.76,-4.25
2392015,15221,-34.85077,-7.14086,14.43,95.90,7,81.22,-2.42,-4.25
2392015,15221,-34.85077,-7.14086,14.43,99.10,7,83.07,-2.19,-4.12
2392015,15221,-34.85077,-7.14086,14.43,99.10,7,73.51,-0.43,-3.76
2392015,15221,-34.85077,-7.14086,14.43,99.10,7,73.53,-0.38,-3.69
2392015,15221,-34.85077,-7.14086,14.43,99.10,7,86.65,-0.38,-3.82
2392015,15222,-34.85077,-7.14086,14.43,99.10,7,81.30,1.32,-3.01
2392015,15222,-34.85077,-7.14086,14.43,99.10,7,73.60,2.66,-2.58
2392015,15222,-34.85077,-7.14086,14.43,99.10,7,68.02,3.07,-2.26
2392015,15222,-34.85078,-7.14084,13.72,99.10,7,67.42,3.07,-2.20
2392015,15222,-34.85078,-7.14084,13.72,99.10,7,67.17,3.72,-2.12
2392015,15222,-34.85078,-7.14084,13.72,102.70,7,54.60,3.16,-1.55
2392015,15222,-34.85078,-7.14084,13.72,102.70,7,55.36,-1.20,-1.61
2392015,15222,-34.85078,-7.14084,13.72,102.70,7,66.80,-5.60,-2.09
2392015,15223,-34.85078,-7.14084,13.72,102.70,7,62.22,-4.69,-2.01
2392015,15223,-34.85078,-7.14084,13.72,102.70,7,58.76,-4.18,-1.94
2392015,15223,-34.85078,-7.14084,13.72,102.70,7,67.60,-5.39,-2.25
2392015,15223,-34.85078,-7.14084,13.72,102.70,7,75.85,-4.68,-2.35
2392015,15223,-34.85077,-7.14081,14.80,102.70,7,90.64,-4.28,-2.48
2392015,15223,-34.85077,-7.14081,14.80,102.70,7,98.84,-4.28,-2.48
2392015,15223,-34.85077,-7.14081,14.80,106.70,7,90.71,-2.85,-2.48
2392015,15223,-34.85077,-7.14081,14.80,106.70,7,90.71,-3.41,-2.48
2392015,15224,-34.85077,-7.14081,14.80,106.70,7,85.45,-8.89,-2.48
2392015,15224,-34.85077,-7.14081,14.80,106.70,7,83.01,-8.89,-2.48
2392015,15224,-34.85077,-7.14081,14.80,106.70,7,91.64,-6.44,-2.48
2392015,15224,-34.85077,-7.14081,14.80,106.70,7,99.63,-4.51,-2.52
2392015,15224,-34.85077,-7.14081,14.80,106.70,7,113.50,-4.10,-2.78
2392015,15224,-34.85077,-7.14078,15.63,106.70,7,118.87,-4.10,-2.79
2392015,15224,-34.85077,-7.14078,15.63,106.70,7,121.52,-4.10,-2.70
2392015,15224,-34.85077,-7.14078,15.63,115.10,7,123.12,-4.10,-2.60
2392015,15224,-34.85077,-7.14078,15.63,115.10,7,108.05,-5.26,-2.21
2392015,15225,-34.85077,-7.14078,15.63,115.10,7,91.97,-5.77,-2.21
2392015,15225,-34.85077,-7.14078,15.63,115.10,7,80.05,-5.77,-1.90
2392015,15225,-34.85077,-7.14078,15.63,115.10,7,65.70,-9.32,-1.90
2392015,15225,-34.85077,-7.14078,15.63,115.10,7,59.05,-9.84,-1.68
2392015,15225,-34.85077,-7.14078,15.63,115.10,7,40.03,-8.85,-1.04
2392015,15225,-34.85076,-7.14074,15.95,115.10,7,37.44,-12.93,-1.36
2392015,15225,-34.85076,-7.14074,15.95,115.10,7,37.44,-13.91,-1.36
2392015,15225,-34.85076,-7.14074,15.95,117.90,8,43.01,-14.58,-1.68
2392015,15226,-34.85076,-7.14074,15.95,117.90,8,43.01,-14.58,-1.68
2392015,15226,-34.85076,-7.14074,15.95,117.90,8,41.58,-16.35,-1.68
2392015,15226,-34.85076,-7.14074,15.95,117.90,8,34.15,-16.01,-1.43
2392015,15226,-34.85076,-7.14074,15.95,117.90,8,31.82,-15.76,-1.33
2392015,15226,-34.85076,-7.14074,15.95,117.90,8,32.57,-16.13,-1.33
2392015,15226,-34.85076,-7.14074,15.95,117.90,8,27.50,-16.88,-1.33
2392015,15226,-34.85077,-7.14070,17.98,117.90,8,18.95,-19.86,-1.52
2392015,15226,-34.85077,-7.14070,17.98,117.90,8,18.04,-21.74,-1.78
2392015,15227,-34.85077,-7.14070,17.98,121.70,8,8.67,-25.34,-1.90
2392015,15227,-34.85077,-7.14070,17.98,121.70,8,-8.06,-23.33,-1.24
2392015,15227,-34.85077,-7.14070,17.98,121.70,8,-23.25,-18.18,-0.32
2392015,15227,-34.85077,-7.14070,17.98,121.70,8,-22.17,-17.02,-0.44
2392015,15227,-34.85077,-7.14070,17.98,121.70,8,-16.40,-17.02,-0.64
2392015,15227,-34.85077,-7.14070,17.98,121.70,8,-21.14,-17.02,-0.38
2392015,15227,-34.85077,-7.14070,17.98,121.70,8,-28.89,-14.37,0.14
2392015,15227,-34.85077,-7.14066,14.70,121.70,8,-28.89,-14.37,0.14
2392015,15228,-34.85077,-7.14066,14.70,121.70,8,-25.05,-15.04,0.02
2392015,15228,-34.85077,-7.14066,14.70,125.80,8,-22.90,-15.31,0.31
2392015,15228,-34.85077,-7.14066,14.70,125.80,8,-27.44,-15.31,0.31
2392015,15228,-34.85077,-7.14066,14.70,125.80,8,-30.05,-16.20,0.56
2392015,15228,-34.85077,-7.14066,14.70,125.80,8,-30.05,-16.01,0.98
2392015,15228,-34.85077,-7.14066,14.70,125.80,8,-27.88,-13.12,0.98
2392015,15228,-34.85077,-7.14066,14.70,125.80,8,-28.26,-12.59,1.12
2392015,15228,-34.85077,-7.14066,14.70,125.80,8,-28.30,-13.56,1.12
2392015,15229,-34.85077,-7.14063,12.37,125.80,8,-26.63,-12.32,1.29
2392015,15229,-34.85077,-7.14063,12.37,125.80,8,-28.96,-10.63,1.57
2392015,15229,-34.85077,-7.14063,12.37,130.30,7,-28.96,-10.63,1.97
2392015,15229,-34.85077,-7.14063,12.37,130.30,7,-28.96,-10.63,2.11
2392015,15229,-34.85077,-7.14063,12.37,130.30,7,-22.31,-10.63,2.11
2392015,15229,-34.85077,-7.14063,12.37,130.30,7,-13.27,-10.63,2.11
2392015,15229,-34.85077,-7.14063,12.37,130.30,7,-8.42,-10.63,2.22
2392015,15229,-34.85077,-7.14063,12.37,130.30,7,-4.94,-10.31,2.22
2392015,15230,-34.85077,-7.14063,12.37,130.30,7,-5.53,-10.31,2.51
2392015,15230,-34.85082,-7.14057,13.83,130.30,7,-15.69,-10.31,3.20
2392015,15230,-34.85082,-7.14057,13.83,130.30,7,-19.11,-10.31,3.49
2392015,15230,-34.85082,-7.14057,13.83,107.70,6,-26.58,-9.10,4.19
2392015,15230,-34.85082,-7.14057,13.83,107.70,6,-26.58,-9.10,4.19
2392015,15230,-34.85082,-7.14057,13.83,107.70,6,-21.54,-8.21,4.09
2392015,15230,-34.85082,-7.14057,13.83,107.70,6,-9.13,-8.05,3.88
2392015,15230,-34.85082,-7.14057,13.83,107.70,6,-7.03,-7.93,4.05
2392015,15231,-34.85082,-7.14057,13.83,107.70,6,-7.03,-7.93,4.13
2392015,15231,-34.85082,-7.14057,13.83,107.70,6,-8.67,-7.93,4.18
2392015,15231,-34.85076,-7.14055,11.09,107.70,6,-8.67,-7.93,4.48
2392015,15231,-34.85076,-7.14055,11.09,107.70,6,-8.67,-7.53,4.67
2392015,15231,-34.85076,-7.14055,11.09,108.50,5,-12.59,-5.79,5.13
2392015,15231,-34.85076,-7.14055,11.09,108.50,5,-12.82,-5.79,5.13
2392015,15231,-34.85076,-7.14055,11.09,108.50,5,-5.69,-6.46,5.02
2392015,15231,-34.85076,-7.14055,11.09,108.50,5,-5.69,-6.46,5.02
2392015,15232,-34.85076,-7.14055,11.09,108.50,5,-6.95,-6.46,5.12
2392015,15232,-34.85076,-7.14055,11.09,108.50,5,-9.01,-6.46,5.26
2392015,15232,-34.85076,-7.14055,11.09,108.50,5,-13.17,-6.46,5.57
2392015,15232,-34.85083,-7.14049,5.48,108.50,5,-12.46,-6.46,5.57
2392015,15232,-34.85083,-7.14049,5.48,108.50,5,-13.04,-6.46,5.72
2392015,15232,-34.85083,-7.14049,5.48,105.10,6,-13.04,-4.76,5.72
2392015,15232,-34.85083,-7.14049,5.48,105.10,6,-11.58,-2.87,5.79
2392015,15232,-34.85083,-7.14049,5.48,105.10,6,-16.42,0.73,6.35
2392015,15233,-34.85083,-7.14049,5.48,105.10,6,-18.17,0.73,6.69
2392015,15233,-34.85083,-7.14049,5.48,105.10,6,-18.17,0.73,6.69
2392015,15233,-34.85083,-7.14049,5.48,105.10,6,-17.30,0.73,6.69
2392015,15233,-34.85083,-7.14049,5.48,105.10,6,-17.56,1.58,6.76
2392015,15233,-34.85081,-7.14050,1.22,105.10,6,-17.37,3.42,6.76
2392015,15233,-34.85081,-7.14050,1.22,105.10,6,-17.32,3.42,6.84
2392015,15233,-34.85081,-7.14050,1.22,110.70,7,-15.62,3.42,6.90
2392015,15233,-34.85081,-7.14050,1.22,110.70,7,-14.21,3.42,6.98
2392015,15233,-34.85081,-7.14050,1.22,110.70,7,-12.43,3.42,7.07
2392015,15234,-34.85081,-7.14050,1.22,110.70,7,-12.43,3.42,7.05
2392015,15234,-34.85081,-7.14050,1.22,110.70,7,-12.43,3.42,7.29
2392015,15234,-34.85081,-7.14050,1.22,110.70,7,-14.72,3.42,7.42
2392015,15234,-34.85081,-7.14050,1.22,110.70,7,-20.27,3.42,7.63
2392015,15234,-34.85081,-7.14050,2.30,110.70,7,-20.27,3.42,7.63
2392015,15234,-34.85081,-7.14050,2.30,110.70,7,-21.37,3.42,7.69
2392015,15234,-34.85081,-7.14050,2.30,114.80,8,-30.78,3.42,8.11
2392015,15234,-34.85081,-7.14050,2.30,114.80,8,-32.03,2.83,8.20
2392015,15235,-34.85081,-7.14050,2.30,114.80,8,-32.79,3.04,8.26
2392015,15235,-34.85081,-7.14050,2.30,114.80,8,-40.19,3.04,8.61
2392015,15235,-34.85081,-7.14050,2.30,114.80,8,-44.59,2.22,8.61
2392015,15235,-34.85081,-7.14050,2.30,114.80,8,-44.59,1.46,8.61
2392015,15235,-34.85081,-7.14050,2.30,114.80,8,-45.76,2.05,8.61
2392015,15235,-34.85082,-7.14051,4.19,114.80,8,-41.97,6.56,8.61
2392015,15235,-34.85082,-7.14051,4.19,114.80,8,-40.38,9.26,8.67
2392015,15235,-34.85082,-7.14051,4.19,118.00,8,-44.50,10.31,8.42
2392015,15236,-34.85082,-7.14051,4.19,118.00,8,-44.50,10.31,8.42
2392015,15236,-34.85082,-7.14051,4.19,118.00,8,-44.50,10.31,8.42
2392015,15236,-34.85082,-7.14051,4.19,118.00,8,-46.73,10.31,8.42
2392015,15236,-34.85082,-7.14051,4.19,118.00,8,-43.51,8.97,8.17
2392015,15236,-34.85082,-7.14051,4.19,118.00,8,-35.19,7.86,7.86
2392015,15236,-34.85082,-7.14051,4.19,118.00,8,-27.28,5.91,7.86
2392015,15236,-34.85083,-7.14051,6.39,118.00,8,-36.26,5.91,8.18
2392015,15236,-34.85083,-7.14051,6.39,118.00,8,-36.65,3.59,8.17
2392015,15236,-34.85083,-7.14051,6.39,117.60,8,-13.18,-3.55,7.11
2392015,15237,-34.85083,-7.14051,6.39,117.60,8,-13.18,-6.29,7.11
2392015,15237,-34.85083,-7.14051,6.39,117.60,8,-16.54,-6.29,7.32
2392015,15237,-34.85083,-7.14051,6.39,117.60,8,-12.16,-6.29,7.23
2392015,15237,-34.85083,-7.14051,6.39,117.60,8,-7.98,-6.29,7.22
2392015,15237,-34.85083,-7.14051,6.39,117.60,8,-10.40,-6.73,7.41
2392015,15237,-34.85083,-7.14051,6.39,117.60,8,-16.25,-6.46,7.68
2392015,15237,-34.85086,-7.14053,9.13,117.60,8,-24.13,-6.46,8.09
2392015,15237,-34.85086,-7.14053,9.13,117.60,8,-24.13,-6.46,8.09
2392015,15238,-34.85086,-7.14053,9.13,123.00,8,-25.30,-6.46,8.33
2392015,15238,-34.85086,-7.14053,9.13,123.00,8,-30.09,-5.81,8.83
2392015,15238,-34.85086,-7.14053,9.13,123.00,8,-37.57,-3.72,9.44
2392015,15238,-34.85086,-7.14053,9.13,123.00,8,-43.16,-1.66,9.97
2392015,15238,-34.85086,-7.14053,9.13,123.00,8,-52.74,0.38,10.69
2392015,15238,-34.85086,-7.14053,9.13,123.00,8,-62.61,2.46,11.27
2392015,15238,-34.85086,-7.14053,9.13,123.00,8,-83.25,12.20,12.15
2392015,15238,-34.85089,-7.14055,12.56,123.00,8,-113.25,23.77,13.23
2392015,15239,-34.85089,-7.14055,12.56,123.00,8,-114.11,23.25,13.43
2392015,15239,-34.85089,-7.14055,12.56,127.40,7,-80.10,15.51,12.47
2392015,15239,-34.85089,-7.14055,12.56,127.40,7,-61.61,10.26,12.23
2392015,15239,-34.85089,-7.14055,12.56,127.40,7,-49.43,7.63,12.00
2392015,15239,-34.85089,-7.14055,12.56,127.40,7,-59.45,10.55,12.76
2392015,15239,-34.85089,-7.14055,12.56,127.40,7,-70.28,12.44,13.83
2392015,15239,-34.85089,-7.14055,12.56,127.40,7,-65.24,11.85,13.78
2392015,15239,-34.85089,-7.14055,12.56,127.40,7,-48.45,10.37,13.55
2392015,15240,-34.85091,-7.14058,14.45,127.40,7,-13.55,6.13,12.61
2392015,15240,-34.85091,-7.14058,14.45,127.40,7,-8.82,5.02,12.53
2392015,15240,-34.85091,-7.14058,14.45,133.00,7,-8.82,4.34,12.53
2392015,15240,-34.85091,-7.14058,14.45,133.00,7,-18.97,6.04,12.86
2392015,15240,-34.85091,-7.14058,14.45,133.00,7,-41.02,10.12,13.59
2392015,15240,-34.85091,-7.14058,14.45,133.00,7,-53.75,10.12,14.04
2392015,15240,-34.85091,-7.14058,14.45,133.00,7,-53.75,13.03,14.59
2392015,15240,-34.85091,-7.14058,14.45,133.00,7,-53.75,14.85,14.59
2392015,15241,-34.85091,-7.14058,14.45,133.00,7,-60.01,17.07,14.81
2392015,15241,-34.85094,-7.14062,16.61,133.00,7,-66.20,18.07,15.02
2392015,15241,-34.85094,-7.14062,16.61,133.00,7,-66.20,18.07,15.08
2392015,15241,-34.85094,-7.14062,16.61,137.10,7,-61.57,17.34,15.08
2392015,15241,-34.85094,-7.14062,16.61,137.10,7,-61.57,17.34,15.08
2392015,15241,-34.85094,-7.14062,16.61,137.10,7,-62.93,18.20,15.16
2392015,15241,-34.85094,-7.14062,16.61,137.10,7,-58.35,18.20,15.16
2392015,15241,-34.85094,-7.14062,16.61,137.10,7,-60.13,18.20,15.44
2392015,15242,-34.85094,-7.14062,16.61,137.10,7,-69.08,18.80,15.80
2392015,15242,-34.85094,-7.14062,16.61,137.10,7,-78.68,21.14,16.36
2392015,15242,-34.85094,-7.14065,15.39,137.10,7,-82.30,27.57,16.69
2392015,15242,-34.85094,-7.14065,15.39,137.10,7,-82.30,27.57,16.82
2392015,15242,-34.85094,-7.14065,15.39,134.90,9,-82.30,26.28,16.72
2392015,15242,-34.85094,-7.14065,15.39,134.90,9,-74.46,23.41,16.29
2392015,15242,-34.85094,-7.14065,15.39,134.90,9,-73.20,22.31,16.17
2392015,15242,-34.85094,-7.14065,15.39,134.90,9,-85.76,22.31,16.59
2392015,15243,-34.85094,-7.14065,15.39,134.90,9,-82.38,21.15,16.59
2392015,15243,-34.85094,-7.14065,15.39,134.90,9,-83.74,22.09,16.71
2392015,15243,-34.85094,-7.14065,15.39,134.90,9,-97.82,22.09,17.26
2392015,15243,-34.85098,-7.14069,20.98,134.90,9,-109.97,22.09,17.26
2392015,15243,-34.85098,-7.14069,20.98,134.90,9,-109.97,22.09,17.26
2392015,15243,-34.85098,-7.14069,20.98,127.40,8,-109.97,22.09,17.26
2392015,15243,-34.85098,-7.14069,20.98,127.40,8,-110.72,22.09,17.34
2392015,15243,-34.85098,-7.14069,20.98,127.40,8,-112.88,22.09,17.34
2392015,15244,-34.85098,-7.14069,20.98,127.40,8,-112.88,22.09,17.49
2392015,15244,-34.85098,-7.14069,20.98,127.40,8,-112.88,22.09,17.33
2392015,15244,-34.85098,-7.14069,20.98,127.40,8,-114.48,22.72,17.31
2392015,15244,-34.85098,-7.14069,20.98,127.40,8,-119.39,22.72,17.66
2392015,15244,-34.85097,-7.14074,21.76,127.40,8,-120.07,22.72,17.66
2392015,15244,-34.85097,-7.14074,21.76,127.40,8,-124.04,22.11,17.77
2392015,15244,-34.85097,-7.14074,21.76,127.70,9,-123.40,21.72,17.55
2392015,15244,-34.85097,-7.14074,21.76,127.70,9,-125.27,24.72,17.70
2392015,15245,-34.85097,-7.14074,21.76,127.70,9,-138.08,28.04,18.35
2392015,15245,-34.85097,-7.14074,21.76,127.70,9,-144.51,29.86,18.64
2392015,15245,-34.85097,-7.14074,21.76,127.70,9,-166.54,29.86,19.44
2392015,15245,-34.85097,-7.14074,21.76,127.70,9,-176.69,29.86,19.85
2392015,15245,-34.85097,-7.14074,21.76,127.70,9,-184.51,31.28,20.43
2392015,15245,-34.85096,-7.14080,23.59,127.70,9,-186.33,34.33,21.12
2392015,15245,-34.85096,-7.14080,23.59,127.70,9,-190.80,34.33,21.57
2392015,15245,-34.85096,-7.14080,23.59,127.30,9,-190.80,34.33,21.57
2392015,15246,-34.85096,-7.14080,23.59,127.30,9,-194.60,36.03,21.85
2392015,15246,-34.85096,-7.14080,23.59,127.30,9,-195.44,37.17,21.85
2392015,15246,-34.85096,-7.14080,23.59,127.30,9,-199.88,38.44,22.28
2392015,15246,-34.85096,-7.14080,23.59,127.30,9,-199.88,38.20,22.28
2392015,15246,-34.85096,-7.14080,23.59,127.30,9,-197.26,38.20,22.28
2392015,15246,-34.85096,-7.14080,23.59,127.30,9,-193.53,38.20,22.50
2392015,15246,-34.85094,-7.14085,25.15,127.30,9,-197.80,38.20,23.12
2392015,15246,-34.85094,-7.14085,25.15,127.30,9,-197.80,38.20,23.41
2392015,15247,-34.85094,-7.14085,25.15,126.10,8,-200.52,39.16,23.90
2392015,15247,-34.85094,-7.14085,25.15,126.10,8,-197.99,37.49,23.92
2392015,15247,-34.85094,-7.14085,25.15,126.10,8,-197.70,36.83,24.01
2392015,15247,-34.85094,-7.14085,25.15,126.10,8,-217.41,40.03,24.88
2392015,15247,-34.85094,-7.14085,25.15,126.10,8,-220.96,43.28,25.23
2392015,15247,-34.85094,-7.14085,25.15,126.10,8,-213.06,44.59,25.03
2392015,15247,-34.85094,-7.14085,25.15,126.10,8,-202.18,42.05,24.64
2392015,15247,-34.85092,-7.14092,27.82,126.10,8,-194.42,42.05,24.64
2392015,15247,-34.85092,-7.14092,27.82,126.10,8,-193.10,42.93,24.70
2392015,15248,-34.85092,-7.14092,27.82,123.50,9,-193.10,42.93,24.62
2392015,15248,-34.85092,-7.14092,27.82,123.50,9,-196.24,42.93,24.57
2392015,15248,-34.85092,-7.14092,27.82,123.50,9,-192.08,41.03,24.57
2392015,15248,-34.85092,-7.14092,27.82,123.50,9,-192.08,38.14,24.57
2392015,15248,-34.85092,-7.14092,27.82,123.50,9,-189.67,38.14,24.46
2392015,15248,-34.85092,-7.14092,27.82,123.50,9,-190.82,37.51,24.46
2392015,15248,-34.85092,-7.14092,27.82,123.50,9,-197.13,37.51,24.56
2392015,15249,-34.85089,-7.14097,26.69,123.50,9,-197.13,37.51,24.56
2392015,15249,-34.85089,-7.14097,26.69,123.50,9,-198.09,37.51,24.56
2392015,15249,-34.85089,-7.14097,26.69,120.80,9,-198.09,37.51,24.67
2392015,15249,-34.85089,-7.14097,26.69,120.80,9,-194.64,37.51,24.67
2392015,15249,-34.85089,-7.14097,26.69,120.80,9,-184.53,37.51,24.34
2392015,15249,-34.85089,-7.14097,26.69,120.80,9,-180.36,38.85,24.34
2392015,15249,-34.85089,-7.14097,26.69,120.80,9,-180.31,38.85,24.34
2392015,15249,-34.85089,-7.14097,26.69,120.80,9,-180.61,38.55,24.39
2392015,15250,-34.85089,-7.14097,26.69,120.80,9,-180.64,38.55,24.36
2392015,15250,-34.85086,-7.14102,23.09,120.80,9,-180.64,38.55,24.07
2392015,15250,-34.85086,-7.14102,23.09,120.80,9,-180.64,38.55,24.07
2392015,15250,-34.85086,-7.14102,23.09,119.40,8,-182.21,37.90,24.07
2392015,15250,-34.85086,-7.14102,23.09,119.40,8,-186.77,37.90,24.07
2392015,15250,-34.85086,-7.14102,23.09,119.40,8,-186.77,37.03,23.91
2392015,15250,-34.85086,-7.14102,23.09,119.40,8,-186.77,37.03,23.60
2392015,15250,-34.85086,-7.14102,23.09,119.40,8,-184.53,37.03,23.22
2392015,15251,-34.85086,-7.14102,23.09,119.40,8,-185.31,37.03,23.22
2392015,15251,-34.85086,-7.14102,23.09,119.40,8,-190.93,37.03,23.22
2392015,15251,-34.85083,-7.14104,20.04,119.40,8,-197.44,36.25,22.68
2392015,15251,-34.85083,-7.14104,20.04,119.40,8,-202.92,36.37,22.68
2392015,15251,-34.85083,-7.14104,20.04,115.20,8,-213.64,36.37,22.68
2392015,15251,-34.85083,-7.14104,20.04,115.20,8,-217.95,36.37,22.48
2392015,15251,-34.85083,-7.14104,20.04,115.20,8,-226.23,37.59,22.55
2392015,15251,-34.85083,-7.14104,20.04,115.20,8,-226.14,37.59,22.53
2392015,15252,-34.85083,-7.14104,20.04,115.20,8,-221.74,37.59,22.07
2392015,15252,-34.85083,-7.14104,20.04,115.20,8,-211.61,35.65,21.50
2392015,15252,-34.85083,-7.14104,20.04,115.20,8,-192.22,32.27,20.55
2392015,15252,-34.85079,-7.14105,17.56,115.20,8,-177.11,28.90,19.62
2392015,15252,-34.85079,-7.14105,17.56,115.20,8,-168.49,28.70,19.06
2392015,15252,-34.85079,-7.14105,17.56,111.70,7,-148.62,29.48,18.63
2392015,15252,-34.85079,-7.14105,17.56,111.70,7,-130.93,25.19,18.20
2392015,15252,-34.85079,-7.14105,17.56,111.70,7,-127.59,25.19,18.20
2392015,15253,-34.85079,-7.14105,17.56,111.70,7,-127.59,25.19,18.20
2392015,15253,-34.85079,-7.14105,17.56,111.70,7,-121.81,22.62,17.87
2392015,15253,-34.85079,-7.14105,17.56,111.70,7,-110.18,18.12,17.37
2392015,15253,-34.85079,-7.14105,17.56,111.70,7,-97.83,11.73,16.93
2392015,15253,-34.85075,-7.14105,16.46,111.70,7,-89.78,4.27,16.42
2392015,15253,-34.85075,-7.14105,16.46,111.70,7,-83.50,2.78,16.03
2392015,15253,-34.85075,-7.14105,16.46,111.60,8,-78.44,2.78,16.03
2392015,15253,-34.85075,-7.14105,16.46,111.60,8,-83.76,3.46,16.27
2392015,15254,-34.85075,-7.14105,16.46,111.60,8,-78.46,5.26,16.09
2392015,15254,-34.85075,-7.14105,16.46,111.60,8,-65.24,3.67,15.11
2392015,15254,-34.85075,-7.14105,16.46,111.60,8,-55.22,-2.46,13.94
2392015,15254,-34.85075,-7.14105,16.46,111.60,8,-47.76,-2.69,13.94
2392015,15254,-34.85075,-7.14105,16.46,111.60,8,-39.96,0.98,13.42
2392015,15254,-34.85072,-7.14105,14.83,111.60,8,-39.96,4.93,13.36
2392015,15254,-34.85072,-7.14105,14.83,111.60,8,-35.31,5.05,13.43
2392015,15254,-34.85072,-7.14105,14.83,110.40,7,-29.97,-0.48,13.43
2392015,15255,-34.85072,-7.14105,14.83,110.40,7,-36.68,-1.51,13.62
2392015,15255,-34.85072,-7.14105,14.83,110.40,7,-30.23,-5.75,13.64
2392015,15255,-34.85072,-7.14105,14.83,110.40,7,-32.88,-5.75,13.84
2392015,15255,-34.85072,-7.14105,14.83,110.40,7,-61.41,-4.33,14.94
2392015,15255,-34.85072,-7.14105,14.83,110.40,7,-58.31,-8.29,14.66
2392015,15255,-34.85072,-7.14105,14.83,110.40,7,-54.49,-8.29,14.17
2392015,15255,-34.85069,-7.14105,12.39,110.40,7,-88.90,-11.09,15.47
2392015,15255,-34.85069,-7.14105,12.39,110.40,7,-98.15,-10.56,15.66
2392015,15256,-34.85069,-7.14105,12.39,108.20,9,-87.06,-10.56,14.42
2392015,15256,-34.85069,-7.14105,12.39,108.20,9,-82.87,-13.94,13.89
2392015,15256,-34.85069,-7.14105,12.39,108.20,9,-91.82,-13.94,14.21
2392015,15256,-34.85069,-7.14105,12.39,108.20,9,-115.54,-9.47,15.45
2392015,15256,-34.85069,-7.14105,12.39,108.20,9,-124.57,-6.35,15.97
2392015,15256,-34.85069,-7.14105,12.39,108.20,9,-105.28,-9.90,15.02
2392015,15256,-34.85069,-7.14105,12.39,108.20,9,-104.69,-9.97,15.24
2392015,15256,-34.85067,-7.14106,11.09,108.20,9,-134.63,-8.06,16.63
2392015,15256,-34.85067,-7.14106,11.09,108.20,9,-130.01,-9.68,16.63
2392015,15257,-34.85067,-7.14106,11.09,108.60,8,-89.44,-9.38,15.33
2392015,15257,-34.85067,-7.14106,11.09,108.60,8,-89.44,-9.38,14.62
2392015,15257,-34.85067,-7.14106,11.09,108.60,8,-93.74,-7.88,15.14
2392015,15257,-34.85067,-7.14106,11.09,108.60,8,-108.45,-11.49,14.95
2392015,15257,-34.85067,-7.14106,11.09,108.60,8,-104.63,-17.43,13.94
2392015,15257,-34.85067,-7.14106,11.09,108.60,8,-86.75,-23.86,13.11
2392015,15257,-34.85067,-7.14106,11.09,108.60,8,-91.98,-29.44,13.28
2392015,15258,-34.85065,-7.14108,13.15,108.60,8,-106.67,-25.08,13.98
2392015,15258,-34.85065,-7.14108,13.15,108.60,8,-107.79,-25.24,14.10
2392015,15258,-34.85065,-7.14108,13.15,107.80,8,-96.43,-28.74,13.94
2392015,15258,-34.85065,-7.14108,13.15,107.80,8,-98.10,-30.00,13.60
2392015,15258,-34.85065,-7.14108,13.15,107.80,8,-136.51,-24.63,15.15
2392015,15258,-34.85065,-7.14108,13.15,107.80,8,-144.83,-16.22,16.66
2392015,15258,-34.85065,-7.14108,13.15,107.80,8,-153.18,-5.31,18.12
2392015,15258,-34.85065,-7.14108,13.15,107.80,8,-170.95,-0.31,18.12
2392015,15259,-34.85065,-7.14108,13.15,107.80,8,-178.56,-1.52,18.38
2392015,15259,-34.85063,-7.14113,19.21,107.80,8,-194.43,-4.99,19.14
2392015,15259,-34.85063,-7.14113,19.21,107.80,8,-194.75,-8.80,19.06
2392015,15259,-34.85063,-7.14113,19.21,107.10,9,-203.43,-8.49,19.53
2392015,15259,-34.85063,-7.14113,19.21,107.10,9,-218.22,-10.28,20.09
2392015,15259,-34.85063,-7.14113,19.21,107.10,9,-220.39,-17.72,20.50
2392015,15259,-34.85063,-7.14113,19.21,107.10,9,-220.51,-15.98,20.50
2392015,15259,-34.85063,-7.14113,19.21,107.10,9,-233.17,-10.13,21.27
2392015,1530,-34.85063,-7.14113,19.21,107.10,9,-247.47,-9.76,21.91
2392015,1530,-34.85063,-7.14113,19.21,107.10,9,-246.93,-9.76,21.93
2392015,1530,-34.85061,-7.14119,25.09,107.10,9,-253.51,-13.25,22.03
2392015,1530,-34.85061,-7.14119,25.09,107.10,9,-249.34,-11.66,21.96
2392015,1530,-34.85061,-7.14119,25.09,107.20,8,-219.49,-1.41,20.02
2392015,1530,-34.85061,-7.14119,25.09,107.20,8,-214.43,7.30,17.96
2392015,1530,-34.85061,-7.14119,25.09,107.20,8,-224.49,26.87,16.99
2392015,1530,-34.85061,-7.14119,25.09,107.20,8,-229.53,26.82,16.79
2392015,1531,-34.85061,-7.14119,25.09,107.20,8,-214.80,2.18,16.10
2392015,1531,-34.85061,-7.14119,25.09,107.20,8,-211.20,3.84,16.15
2392015,1531,-34.85061,-7.14119,25.09,107.20,8,-210.13,13.22,16.21
2392015,1531,-34.85057,-7.14126,31.08,107.20,8,-195.79,13.22,15.70
2392015,1531,-34.85057,-7.14126,31.08,107.20,8,-195.79,14.24,15.50
2392015,1531,-34.85057,-7.14126,31.08,107.20,8,-196.73,7.03,15.50
2392015,1531,-34.85057,-7.14126,31.08,107.20,8,-200.62,-7.24,15.50
2392015,1531,-34.85057,-7.14126,31.08,107.20,8,-201.52,-22.38,15.24
2392015,1532,-34.85057,-7.14126,31.08,107.20,8,-201.44,-19.46,15.24
2392015,1532,-34.85057,-7.14126,31.08,107.20,8,-209.13,2.53,15.24
2392015,1532,-34.85057,-7.14126,31.08,107.20,8,-206.93,4.48,15.17
2392015,1532,-34.85057,-7.14126,31.08,107.20,8,-206.93,-3.21,15.17
2392015,1532,-34.85054,-7.14135,37.35,107.20,8,-190.24,-8.53,14.87
2392015,1532,-34.85054,-7.14135,37.35,107.20,8,-188.16,-1.12,14.90
2392015,1532,-34.85054,-7.14135,37.35,110.60,8,-205.93,15.05,15.36
2392015,1532,-34.85054,-7.14135,37.35,110.60,8,-201.78,8.20,15.08
2392015,1533,-34.85054,-7.14135,37.35,110.60,8,-189.30,-0.12,14.47
2392015,1533,-34.85054,-7.14135,37.35,110.60,8,-189.30,-0.40,15.49
2392015,1533,-34.85054,-7.14135,37.35,110.60,8,-175.61,6.10,15.61
2392015,1533,-34.85054,-7.14135,37.35,110.60,8,-175.61,-1.99,15.37
2392015,1533,-34.85054,-7.14135,37.35,110.60,8,-177.81,-27.18,16.26
2392015,1533,-34.85051,-7.14145,40.63,110.60,8,-173.86,-47.40,16.35
2392015,1533,-34.85051,-7.14145,40.63,110.60,8,-172.24,-55.85,15.85
2392015,1534,-34.85051,-7.14145,40.63,110.50,7,-167.10,-76.94,15.71
2392015,1534,-34.85051,-7.14145,40.63,110.50,7,-157.97,-82.22,16.48
2392015,1534,-34.85051,-7.14145,40.63,110.50,7,-157.97,-76.17,17.14
2392015,1534,-34.85051,-7.14145,40.63,110.50,7,-160.33,-61.70,17.76
2392015,1534,-34.85051,-7.14145,40.63,110.50,7,-167.15,-51.82,19.16
2392015,1534,-34.85051,-7.14145,40.63,110.50,7,-171.07,-42.53,19.78
2392015,1534,-34.85051,-7.14145,40.63,110.50,7,-182.40,-34.87,20.28
2392015,1534,-34.85047,-7.14155,40.56,110.50,7,-182.40,-43.14,20.41
2392015,1534,-34.85047,-7.14155,40.56,110.50,7,-184.23,-48.35,20.09
2392015,1535,-34.85047,-7.14155,40.56,115.90,7,-185.11,-48.35,19.49
2392015,1535,-34.85047,-7.14155,40.56,115.90,7,-185.11,-49.97,18.95
2392015,1535,-34.85047,-7.14155,40.56,115.90,7,-186.14,-41.34,20.24
2392015,1535,-34.85047,-7.14155,40.56,115.90,7,-186.14,-34.72,22.25
2392015,1535,-34.85047,-7.14155,40.56,115.90,7,-183.26,-35.02,22.24
2392015,1535,-34.85047,-7.14155,40.56,115.90,7,-176.29,-34.07,22.24
2392015,1535,-34.85047,-7.14155,40.56,115.90,7,-171.90,-34.07,22.24
2392015,1536,-34.85044,-7.14163,36.35,115.90,7,-171.90,-34.07,22.24
2392015,1536,-34.85044,-7.14163,36.35,115.90,7,-171.90,-34.07,22.24
2392015,1536,-34.85044,-7.14163,36.35,115.20,6,-171.90,-34.07,22.24
2392015,1536,-34.85044,-7.14163,36.35,115.20,6,-169.58,-34.07,22.10
2392015,1536,-34.85044,-7.14163,36.35,115.20,6,-162.87,-34.07,21.54
2392015,1536,-34.85044,-7.14163,36.35,115.20,6,-163.86,-32.46,21.40
2392015,1536,-34.85044,-7.14163,36.35,115.20,6,-181.18,-29.84,22.23
2392015,1536,-34.85044,-7.14163,36.35,115.20,6,-189.45,-34.21,22.23
2392015,1537,-34.85044,-7.14163,36.35,115.20,6,-178.18,-40.20,21.78
2392015,1537,-34.85042,-7.14170,30.47,115.20,6,-161.22,-49.08,20.99
2392015,1537,-34.85042,-7.14170,30.47,115.20,6,-157.36,-56.37,20.74
2392015,1537,-34.85042,-7.14170,30.47,114.50,7,-157.36,-56.95,20.54
2392015,1537,-34.85042,-7.14170,30.47,114.50,7,-157.36,-51.52,20.54
2392015,1537,-34.85042,-7.14170,30.47,114.50,7,-157.36,-51.52,20.54
2392015,1537,-34.85042,-7.14170,30.47,114.50,7,-157.36,-51.52,20.54
2392015,1538,-34.85042,-7.14170,30.47,114.50,7,-157.36,-51.52,20.54
2392015,1538,-34.85042,-7.14170,30.47,114.50,7,-157.36,-51.52,20.54
2392015,1538,-34.85042,-7.14170,30.47,114.50,7,-157.36,-51.52,20.54
2392015,1538,-34.85040,-7.14176,25.93,114.50,7,-157.36,-51.52,20.54
2392015,1538,-34.85040,-7.14176,25.93,114.50,7,-157.36,-51.52,20.54
2392015,1538,-34.85040,-7.14176,25.93,114.20,6,-157.36,-51.52,20.54
2392015,1538,-34.85040,-7.14176,25.93,114.20,6,-157.36,-51.52,20.54
2392015,1538,-34.85040,-7.14176,25.93,114.20,6,-157.36,-51.52,20.54
2392015,1539,-34.85040,-7.14176,25.93,114.20,6,-157.36,-51.52,20.54
2392015,1539,-34.85040,-7.14176,25.93,114.20,6,-157.36,-51.52,20.54
2392015,1539,-34.85040,-7.14176,25.93,114.20,6,-157.36,-51.52,20.54
2392015,1539,-34.85040,-7.14176,25.93,114.20,6,-157.36,-51.52,20.54
2392015,1539,-34.85038,-7.14180,21.50,114.20,6,-157.36,-51.52,20.45
2392015,1539,-34.85038,-7.14180,21.50,114.20,6,-157.36,-51.52,20.35
2392015,1539,-34.85038,-7.14180,21.50,115.00,7,-157.36,-51.52,20.35
2392015,1539,-34.85038,-7.14180,21.50,115.00,7,-157.36,-51.52,20.35
2392015,15310,-34.85038,-7.14180,21.50,115.00,7,-159.19,-50.20,20.46
2392015,15310,-34.85038,-7.14180,21.50,115.00,7,-159.19,-48.30,20.46
2392015,15310,-34.85038,-7.14180,21.50,115.00,7,-154.39,-48.30,20.46
2392015,15310,-34.85038,-7.14180,21.50,115.00,7,-152.53,-48.30,20.46
2392015,15310,-34.85038,-7.14180,21.50,115.00,7,-152.53,-48.30,20.54
2392015,15310,-34.85037,-7.14184,17.85,115.00,7,-152.53,-48.30,20.54
2392015,15310,-34.85037,-7.14184,17.85,115.00,7,-153.32,-47.39,20.70
2392015,15310,-34.85037,-7.14184,17.85,114.90,7,-153.32,-47.39,20.82
2392015,15311,-34.85037,-7.14184,17.85,114.90,7,-153.32,-47.39,20.82
2392015,15311,-34.85037,-7.14184,17.85,114.90,7,-153.32,-47.94,20.82
2392015,15311,-34.85037,-7.14184,17.85,114.90,7,-155.74,-46.74,20.92
2392015,15311,-34.85037,-7.14184,17.85,114.90,7,-156.15,-46.15,20.84
2392015,15311,-34.85037,-7.14184,17.85,114.90,7,-156.15,-46.15,20.84
2392015,15311,-34.85037,-7.14184,17.85,114.90,7,-156.15,-46.15,20.74
2392015,15311,-34.85036,-7.14186,11.15,114.90,7,-156.15,-46.15,20.74
2392015,15311,-34.85036,-7.14186,11.15,114.90,7,-156.73,-46.15,20.74
2392015,15312,-34.85036,-7.14186,11.15,115.40,9,-156.73,-46.15,20.74
2392015,15312,-34.85036,-7.14186,11.15,115.40,9,-156.73,-48.03,20.74
2392015,15312,-34.85036,-7.14186,11.15,115.40,9,-156.73,-50.96,20.74
2392015,15312,-34.85036,-7.14186,11.15,115.40,9,-156.73,-50.36,20.74
2392015,15312,-34.85036,-7.14186,11.15,115.40,9,-156.73,-47.50,20.74
2392015,15312,-34.85036,-7.14186,11.15,115.40,9,-156.73,-47.50,20.84
2392015,15312,-34.85036,-7.14186,11.15,115.40,9,-156.73,-47.50,20.84
2392015,15313,-34.85036,-7.14186,5.44,115.40,9,-156.73,-48.13,20.84
2392015,15313,-34.85036,-7.14186,5.44,115.40,9,-156.73,-48.13,20.84
2392015,15313,-34.85036,-7.14186,5.44,114.40,8,-156.73,-48.80,20.84
2392015,15313,-34.85036,-7.14186,5.44,114.40,8,-156.73,-49.80,20.84
2392015,15313,-34.85036,-7.14186,5.44,114.40,8,-156.73,-49.80,20.84
2392015,15313,-34.85036,-7.14186,5.44,114.40,8,-156.73,-50.46,20.84
2392015,15313,-34.85036,-7.14186,5.44,114.40,8,-156.73,-50.46,20.74
2392015,15313,-34.85036,-7.14186,5.44,114.40,8,-156.73,-50.46,20.74
2392015,15314,-34.85036,-7.14186,5.44,114.40,8,-156.73,-50.46,20.68
2392015,15314,-34.85035,-7.14186,2.24,114.40,8,-156.73,-50.46,20.68
2392015,15314,-34.85035,-7.14186,2.24,114.40,8,-156.73,-50.46,20.68
2392015,15314,-34.85035,-7.14186,2.24,112.60,9,-156.73,-50.46,20.68
2392015,15314,-34.85035,-7.14186,2.24,112.60,9,-156.73,-50.46,20.68
2392015,15314,-34.85035,-7.14186,2.24,112.60,9,-156.73,-50.46,20.68
2392015,15314,-34.85035,-7.14186,2.24,112.60,9,-156.73,-50.46,20.68
2392015,15314,-34.85035,-7.14186,2.24,112.60,9,-156.73,-50.46,20.68
2392015,15315,-34.85035,-7.14186,2.24,112.60,9,-156.73,-50.46,20.68
2392015,15315,-34.85035,-7.14186,2.24,112.60,9,-156.73,-50.46,20.68
2392015,15315,-34.85035,-7.14186,1.50,112.60,9,-156.73,-50.46,20.68
2392015,15315,-34.85035,-7.14186,1.50,112.60,9,-156.73,-50.46,20.68
2392015,15315,-34.85035,-7.14186,1.50,111.10,9,-156.73,-50.46,20.68
2392015,15315,-34.85035,-7.14186,1.50,111.10,9,-156.73,-50.46,20.68
2392015,15315,-34.85035,-7.14186,1.50,111.10,9,-156.73,-50.46,20.68
2392015,15315,-34.85035,-7.14186,1.50,111.10,9,-156.73,-50.46,20.68
2392015,15316,-34.85035,-7.14186,1.50,111.10,9,-156.73,-51.02,20.68
2392015,15316,-34.85035,-7.14186,1.50,111.10,9,-156.73,-51.02,20.68
2392015,15316,-34.85035,-7.14186,1.50,111.10,9,-156.73,-51.02,20.68
2392015,15316,-34.85035,-7.14185,1.31,111.10,9,-156.73,-51.02,20.68
2392015,15316,-34.85035,-7.14185,1.31,111.10,9,-156.73,-51.02,20.68
2392015,15316,-34.85035,-7.14185,1.31,110.40,8,-156.73,-51.02,20.68
2392015,15316,-34.85035,-7.14185,1.31,110.40,8,-156.73,-51.02,20.68
2392015,15316,-34.85035,-7.14185,1.31,110.40,8,-156.73,-51.02,20.68
2392015,15317,-34.85035,-7.14185,1.31,110.40,8,-156.73,-51.02,20.76
2392015,15317,-34.85035,-7.14185,1.31,110.40,8,-156.73,-51.02,20.95
2392015,15317,-34.85035,-7.14185,1.31,110.40,8,-156.73,-51.02,20.95
2392015,15317,-34.85035,-7.14185,1.31,110.40,8,-156.73,-51.02,21.02
2392015,15317,-34.85035,-7.14185,2.20,110.40,8,-156.73,-51.02,21.20
2392015,15317,-34.85035,-7.14185,2.20,110.40,8,-156.73,-51.02,21.32
2392015,15317,-34.85035,-7.14185,2.20,107.90,8,-156.73,-51.02,21.58
2392015,15317,-34.85035,-7.14185,2.20,107.90,8,-156.73,-51.02,21.58
2392015,15318,-34.85035,-7.14185,2.20,107.90,8,-156.73,-51.02,21.75
2392015,15318,-34.85035,-7.14185,2.20,107.90,8,-157.61,-51.02,22.16
2392015,15318,-34.85035,-7.14185,2.20,107.90,8,-157.61,-51.02,22.55
2392015,15318,-34.85035,-7.14185,2.20,107.90,8,-157.61,-50.57,22.69
2392015,15318,-34.85035,-7.14185,2.20,107.90,8,-157.61,-49.36,22.93
2392015,15318,-34.85034,-7.14187,7.89,107.90,8,-157.61,-49.36,23.33
2392015,15318,-34.85034,-7.14187,7.89,107.90,8,-157.61,-49.36,23.57
2392015,15318,-34.85034,-7.14187,7.89,106.50,8,-157.61,-49.36,24.02
2392015,15319,-34.85034,-7.14187,7.89,106.50,8,-157.61,-48.83,24.36
2392015,15319,-34.85034,-7.14187,7.89,106.50,8,-157.61,-48.83,24.74
2392015,15319,-34.85034,-7.14187,7.89,106.50,8,-157.61,-48.20,25.17
2392015,15319,-34.85034,-7.14187,7.89,106.50,8,-157.61,-48.20,25.63
2392015,15319,-34.85034,-7.14187,7.89,106.50,8,-157.61,-48.20,25.84
2392015,15319,-34.85034,-7.14187,7.89,106.50,8,-157.61,-48.20,26.20
2392015,15319,-34.85033,-7.14189,9.57,106.50,8,-157.61,-47.44,26.73
2392015,15319,-34.85033,-7.14189,9.57,106.50,8,-157.61,-47.44,27.01
2392015,15320,-34.85033,-7.14189,9.57,105.50,9,-157.61,-47.44,27.52
2392015,15320,-34.85033,-7.14189,9.57,105.50,9,-157.61,-47.44,27.94
2392015,15320,-34.85033,-7.14189,9.57,105.50,9,-157.61,-47.44,28.39
2392015,15320,-34.85033,-7.14189,9.57,105.50,9,-157.61,-47.44,28.85
2392015,15320,-34.85033,-7.14189,9.57,105.50,9,-157.61,-47.44,29.28
2392015,15320,-34.85033,-7.14189,9.57,105.50,9,-157.61,-47.44,29.45
2392015,15320,-34.85033,-7.14189,9.57,105.50,9,-157.61,-47.44,29.71
2392015,15320,-34.85033,-7.14190,9.54,105.50,9,-157.61,-47.44,29.99
2392015,15321,-34.85033,-7.14190,9.54,105.50,9,-157.61,-47.44,29.99
2392015,15321,-34.85033,-7.14190,9.54,103.60,9,-157.61,-47.44,29.99
2392015,15321,-34.85033,-7.14190,9.54,103.60,9,-157.61,-47.44,29.99
2392015,15321,-34.85033,-7.14190,9.54,103.60,9,-157.61,-47.44,29.99
2392015,15321,-34.85033,-7.14190,9.54,103.60,9,-157.61,-47.44,29.99
2392015,15321,-34.85033,-7.14190,9.54,103.60,9,-157.61,-47.70,29.99
2392015,15321,-34.85033,-7.14192,7.95,103.60,9,-157.61,-47.70,29.99
2392015,15321,-34.85033,-7.14192,7.95,103.60,9,-157.61,-47.70,29.99
2392015,15322,-34.85033,-7.14192,7.95,101.30,9,-157.61,-47.70,29.99
2392015,15322,-34.85033,-7.14192,7.95,101.30,9,-157.61,-47.70,29.99
2392015,15322,-34.85033,-7.14192,7.95,101.30,9,-157.61,-47.70,29.99
2392015,15322,-34.85033,-7.14192,7.95,101.30,9,-157.61,-47.70,29.99
2392015,15322,-34.85033,-7.14192,7.95,101.30,9,-157.61,-47.70,29.99
2392015,15322,-34.85033,-7.14192,7.95,101.30,9,-157.61,-47.70,29.99
2392015,15322,-34.85033,-7.14192,7.95,101.30,9,-157.61,-47.70,29.99
2392015,15322,-34.85034,-7.14192,5.67,101.30,9,-157.61,-47.70,29.99
2392015,15323,-34.85034,-7.14192,5.67,101.30,9,-157.61,-47.70,29.99
2392015,15323,-34.85034,-7.14192,5.67,96.70,10,-157.61,-47.70,29.99
2392015,15323,-34.85034,-7.14192,5.67,96.70,10,-157.61,-47.70,29.99
2392015,15323,-34.85034,-7.14192,5.67,96.70,10,-157.61,-47.70,29.99
2392015,15323,-34.85034,-7.14192,5.67,96.70,10,-157.61,-47.70,29.99
2392015,15323,-34.85034,-7.14192,5.67,96.70,10,-157.61,-47.70,29.99
2392015,15323,-34.85034,-7.14192,5.67,96.70,10,-157.61,-47.70,29.99
2392015,15323,-34.85035,-7.14193,5.26,96.70,10,-157.61,-47.70,29.99
2392015,15324,-34.85035,-7.14193,5.26,96.70,10,-157.61,-47.70,29.99
2392015,15324,-34.85035,-7.14193,5.26,93.70,10,-157.61,-47.70,29.99
2392015,15324,-34.85035,-7.14193,5.26,93.70,10,-157.61,-47.70,29.99
2392015,15324,-34.85035,-7.14193,5.26,93.70,10,-157.61,-47.70,29.99
2392015,15324,-34.85035,-7.14193,5.26,93.70,10,-157.61,-47.70,29.99
2392015,15324,-34.85035,-7.14193,5.26,93.70,10,-157.61,-47.70,29.99
2392015,15324,-34.85035,-7.14193,5.26,93.70,10,-157.61,-47.70,29.99
2392015,15324,-34.85034,-7.14194,3.70,93.70,10,-157.61,-47.70,29.99
2392015,15325,-34.85034,-7.14194,3.70,93.70,10,-157.61,-47.70,29.99
2392015,15325,-34.85034,-7.14194,3.70,93.90,10,-157.61,-47.70,29.99
2392015,15325,-34.85034,-7.14194,3.70,93.90,10,-157.61,-47.70,29.99
2392015,15325,-34.85034,-7.14194,3.70,93.90,10,-157.61,-47.70,29.99
2392015,15325,-34.85034,-7.14194,3.70,93.90,10,-157.61,-47.70,29.99
2392015,15325,-34.85034,-7.14194,3.70,93.90,10,-157.61,-47.70,29.99
2392015,15325,-34.85034,-7.14194,3.70,93.90,10,-157.61,-47.70,29.99
2392015,15325,-34.85034,-7.14195,3.74,93.90,10,-157.61,-47.70,29.99
2392015,15326,-34.85034,-7.14195,3.74,93.90,10,-157.61,-48.64,29.99
2392015,15326,-34.85034,-7.14195,3.74,91.70,10,-157.61,-48.64,29.99
2392015,15326,-34.85034,-7.14195,3.74,91.70,10,-158.61,-48.64,29.99
2392015,15326,-34.85034,-7.14195,3.74,91.70,10,-158.61,-48.64,29.99
2392015,15326,-34.85034,-7.14195,3.74,91.70,10,-160.12,-48.64,30.11
2392015,15326,-34.85034,-7.14195,3.74,91.70,10,-160.12,-48.00,30.11
2392015,15326,-34.85034,-7.14195,3.74,91.70,10,-160.12,-48.00,30.11
2392015,15326,-34.85034,-7.14196,3.83,91.70,10,-160.12,-48.00,30.11
2392015,15327,-34.85034,-7.14196,3.83,91.70,10,-160.12,-48.00,30.11
2392015,15327,-34.85034,-7.14196,3.83,91.40,10,-162.45,-48.88,30.11
2392015,15327,-34.85034,-7.14196,3.83,91.40,10,-162.45,-48.88,30.11
2392015,15327,-34.85034,-7.14196,3.83,91.40,10,-162.45,-48.16,30.11
2392015,15327,-34.85034,-7.14196,3.83,91.40,10,-162.45,-48.16,30.11
2392015,15327,-34.85034,-7.14196,3.83,91.40,10,-162.45,-48.16,30.11
2392015,15327,-34.85034,-7.14196,3.83,91.40,10,-162.45,-48.16,30.11
2392015,15327,-34.85033,-7.14197,3.52,91.40,10,-162.45,-48.16,30.11
2392015,15328,-34.85033,-7.14197,3.52,91.40,10,-162.45,-48.16,30.11
2392015,15328,-34.85033,-7.14197,3.52,91.10,10,-162.45,-48.16,30.11
2392015,15328,-34.85033,-7.14197,3.52,91.10,10,-162.45,-48.16,30.11
2392015,15328,-34.85033,-7.14197,3.52,91.10,10,-162.45,-48.16,30.11
2392015,15328,-34.85033,-7.14197,3.52,91.10,10,-162.45,-48.16,30.11
2392015,15328,-34.85033,-7.14197,3.52,91.10,10,-162.45,-48.16,30.11
2392015,15328,-34.85033,-7.14197,3.52,91.10,10,-162.45,-48.16,30.11
2392015,15328,-34.85032,-7.14196,7.37,91.10,10,-162.45,-48.16,30.11
2392015,15329,-34.85032,-7.14196,7.37,91.10,10,-162.45,-48.16,30.11
2392015,15329,-34.85032,-7.14196,7.37,90.30,10,-159.87,-47.47,30.11
2392015,15329,-34.85032,-7.14196,7.37,90.30,10,-159.87,-47.47,30.11
2392015,15329,-34.85032,-7.14196,7.37,90.30,10,-159.87,-47.47,30.11
2392015,15329,-34.85032,-7.14196,7.37,90.30,10,-161.61,-47.47,30.11
2392015,15329,-34.85032,-7.14196,7.37,90.30,10,-161.61,-47.47,30.11
2392015,15329,-34.85032,-7.14196,7.37,90.30,10,-162.36,-48.13,30.11
2392015,15330,-34.85028,-7.14195,13.58,90.30,10,-162.36,-48.14,30.11
2392015,15330,-34.85028,-7.14195,13.58,90.30,10,-162.36,-47.91,30.11
2392015,15330,-34.85028,-7.14195,13.58,89.40,9,-164.17,-49.72,30.11
2392015,15330,-34.85028,-7.14195,13.58,89.40,9,-164.17,-49.72,30.11
2392015,15330,-34.85028,-7.14195,13.58,89.40,9,-166.64,-50.29,30.11
2392015,15330,-34.85028,-7.14195,13.58,89.40,9,-166.64,-50.29,30.11
2392015,15330,-34.85028,-7.14195,13.58,89.40,9,-166.64,-50.29,30.02
2392015,15330,-34.85028,-7.14195,13.58,89.40,9,-166.64,-50.29,30.02
2392015,15331,-34.85025,-7.14193,16.54,89.40,9,-166.64,-50.29,30.02
2392015,15331,-34.85025,-7.14193,16.54,89.40,9,-166.64,-50.29,30.02
2392015,15331,-34.85025,-7.14193,16.54,88.60,8,-166.64,-50.29,30.02
2392015,15331,-34.85025,-7.14193,16.54,88.60,8,-166.64,-50.29,30.02
2392015,15331,-34.85025,-7.14193,16.54,88.60,8,-166.64,-50.29,30.02
2392015,15331,-34.85025,-7.14193,16.54,88.60,8,-166.64,-50.95,30.02
2392015,15331,-34.85025,-7.14193,16.54,88.60,8,-166.64,-50.95,30.02
2392015,15331,-34.85020,-7.14191,19.98,88.60,8,-166.64,-50.95,30.02
2392015,15332,-34.85020,-7.14191,19.98,88.60,8,-166.64,-50.95,30.02
2392015,15332,-34.85020,-7.14191,19.98,87.30,8,-166.64,-50.95,30.02
2392015,15332,-34.85020,-7.14191,19.98,87.30,8,-166.64,-50.95,30.02
2392015,15332,-34.85020,-7.14191,19.98,87.30,8,-166.64,-50.95,30.02
2392015,15332,-34.85020,-7.14191,19.98,87.30,8,-166.64,-49.52,30.02
2392015,15332,-34.85020,-7.14191,19.98,87.30,8,-166.64,-49.52,30.02
2392015,15332,-34.85020,-7.14191,19.98,87.30,8,-166.64,-50.52,30.02
2392015,15332,-34.85015,-7.14190,20.82,87.30,8,-166.64,-50.52,30.12
2392015,15333,-34.85015,-7.14190,20.82,87.30,8,-166.64,-50.52,30.12
2392015,15333,-34.85015,-7.14190,20.82,86.80,10,-166.64,-50.52,30.12
2392015,15333,-34.85015,-7.14190,20.82,86.80,10,-166.64,-50.52,30.12
2392015,15333,-34.85015,-7.14190,20.82,86.80,10,-166.64,-50.52,30.12
2392015,15333,-34.85015,-7.14190,20.82,86.80,10,-166.64,-50.52,30.12
2392015,15333,-34.85015,-7.14190,20.82,86.80,10,-166.64,-51.46,30.12
2392015,15333,-34.85015,-7.14190,20.82,86.80,10,-166.64,-52.81,30.12
2392015,15334,-34.85012,-7.14188,17.24,86.80,10,-166.64,-54.76,30.12
2392015,15334,-34.85012,-7.14188,17.24,86.80,10,-166.64,-54.76,30.12
2392015,15334,-34.85012,-7.14188,17.24,86.70,10,-166.64,-55.92,30.12
2392015,15334,-34.85012,-7.14188,17.24,86.70,10,-166.64,-57.78,30.12
2392015,15334,-34.85012,-7.14188,17.24,86.70,10,-166.64,-60.04,30.12
2392015,15334,-34.85012,-7.14188,17.24,86.70,10,-166.64,-62.08,30.01
2392015,15334,-34.85012,-7.14188,17.24,86.70,10,-166.64,-62.08,30.01
2392015,15334,-34.85012,-7.14188,17.24,86.70,10,-166.64,-62.08,30.09
2392015,15335,-34.85008,-7.14187,14.87,86.70,10,-166.64,-60.82,30.09
2392015,15335,-34.85008,-7.14187,14.87,86.70,10,-166.64,-59.60,30.15
2392015,15335,-34.85008,-7.14187,14.87,86.30,8,-166.64,-59.60,30.15
2392015,15335,-34.85008,-7.14187,14.87,86.30,8,-166.64,-59.60,30.15
2392015,15335,-34.85008,-7.14187,14.87,86.30,8,-166.64,-59.60,30.15
2392015,15335,-34.85008,-7.14187,14.87,86.30,8,-166.64,-59.60,30.15
2392015,15335,-34.85008,-7.14187,14.87,86.30,8,-166.64,-59.60,30.15
2392015,15335,-34.85008,-7.14187,14.87,86.30,8,-166.64,-59.60,30.15
2392015,15336,-34.85004,-7.14186,18.21,86.30,8,-166.64,-59.60,30.06
2392015,15336,-34.85004,-7.14186,18.21,86.30,8,-166.64,-59.60,30.06
2392015,15336,-34.85004,-7.14186,18.21,86.20,9,-166.64,-59.60,30.06
2392015,15336,-34.85004,-7.14186,18.21,86.20,9,-166.64,-59.60,30.06
2392015,15336,-34.85004,-7.14186,18.21,86.20,9,-166.64,-60.34,29.96
2392015,15336,-34.85004,-7.14186,18.21,86.20,9,-166.64,-61.88,29.77
2392015,15336,-34.85004,-7.14186,18.21,86.20,9,-166.64,-62.05,29.77
2392015,15336,-34.85004,-7.14186,18.21,86.20,9,-166.64,-62.09,29.77
2392015,15337,-34.84998,-7.14184,24.67,86.20,9,-166.64,-63.87,29.64
2392015,15337,-34.84998,-7.14184,24.67,86.20,9,-166.64,-65.52,29.51
2392015,15337,-34.84998,-7.14184,24.67,86.40,9,-166.64,-65.52,29.51
2392015,15337,-34.84998,-7.14184,24.67,86.40,9,-166.64,-65.52,29.51
2392015,15337,-34.84998,-7.14184,24.67,86.40,9,-166.64,-65.52,29.65
2392015,15337,-34.84998,-7.14184,24.67,86.40,9,-166.64,-64.63,29.65
2392015,15337,-34.84998,-7.14184,24.67,86.40,9,-166.64,-64.63,29.76
2392015,15338,-34.84998,-7.14184,24.67,86.40,9,-166.64,-65.00,29.92
2392015,15338,-34.84992,-7.14181,30.56,86.40,9,-166.64,-65.00,29.92
2392015,15338,-34.84992,-7.14181,30.56,86.40,9,-166.64,-64.56,30.05
2392015,15338,-34.84992,-7.14181,30.56,85.50,9,-166.64,-64.56,30.50
2392015,15338,-34.84992,-7.14181,30.56,85.50,9,-166.64,-65.18,30.79
2392015,15338,-34.84992,-7.14181,30.56,85.50,9,-166.64,-65.18,31.06
2392015,15338,-34.84992,-7.14181,30.56,85.50,9,-166.64,-65.18,31.35
2392015,15338,-34.84992,-7.14181,30.56,85.50,9,-166.64,-65.18,31.69
2392015,15339,-34.84992,-7.14181,30.56,85.50,9,-166.64,-65.18,31.90
2392015,15339,-34.84983,-7.14177,39.26,85.50,9,-166.64,-65.18,32.44
2392015,15339,-34.84983,-7.14177,39.26,85.50,9,-166.64,-64.72,32.82
2392015,15339,-34.84983,-7.14177,39.26,85.30,9,-166.64,-64.72,33.47
2392015,15339,-34.84983,-7.14177,39.26,85.30,9,-166.64,-63.99,33.92
2392015,15339,-34.84983,-7.14177,39.26,85.30,9,-166.64,-63.99,34.35
2392015,15339,-34.84983,-7.14177,39.26,85.30,9,-166.64,-63.99,34.77
2392015,15339,-34.84983,-7.14177,39.26,85.30,9,-166.64,-63.99,35.21
2392015,15340,-34.84983,-7.14177,39.26,85.30,9,-166.64,-64.54,35.45
2392015,15340,-34.84983,-7.14177,39.26,85.30,9,-165.26,-64.20,35.60
2392015,15340,-34.84973,-7.14174,40.98,85.30,9,-165.26,-64.20,36.07
2392015,15340,-34.84973,-7.14174,40.98,85.30,9,-165.26,-64.20,36.36
2392015,15340,-34.84973,-7.14174,40.98,85.00,8,-165.26,-64.20,36.92
2392015,15340,-34.84973,-7.14174,40.98,85.00,8,-165.26,-64.20,37.36
2392015,15340,-34.84973,-7.14174,40.98,85.00,8,-165.26,-64.20,37.87
2392015,15340,-34.84973,-7.14174,40.98,85.00,8,-165.26,-64.20,38.36
2392015,15341,-34.84973,-7.14174,40.98,85.00,8,-165.26,-64.20,38.88
2392015,15341,-34.84962,-7.14170,44.78,85.00,8,-165.26,-64.20,39.46
2392015,15341,-34.84962,-7.14170,44.78,85.00,8,-165.26,-63.69,39.79
2392015,15341,-34.84962,-7.14170,44.78,83.90,8,-165.26,-61.94,40.40
2392015,15341,-34.84962,-7.14170,44.78,83.90,8,-165.26,-61.94,40.87
2392015,15341,-34.84962,-7.14170,44.78,83.90,8,-165.26,-61.94,41.43
2392015,15341,-34.84962,-7.14170,44.78,83.90,8,-165.26,-61.94,41.97
2392015,15342,-34.84951,-7.14167,45.80,83.90,8,-165.26,-61.94,42.59
2392015,15342,-34.84951,-7.14167,45.80,83.90,8,-165.26,-61.45,42.96
2392015,15342,-34.84951,-7.14167,45.80,83.90,8,-165.26,-59.91,43.62
2392015,15342,-34.84951,-7.14167,45.80,83.90,8,-165.26,-59.91,44.13
2392015,15342,-34.84951,-7.14167,45.80,83.90,8,-165.26,-58.73,44.73
2392015,15342,-34.84951,-7.14167,45.80,83.90,8,-165.26,-58.73,45.33
2392015,15342,-34.84951,-7.14167,45.80,83.90,8,-165.26,-57.95,45.96
2392015,15342,-34.84951,-7.14167,45.80,83.90,8,-165.26,-56.79,46.47
2392015,15343,-34.84951,-7.14167,45.80,83.90,8,-165.26,-56.79,46.92
2392015,15343,-34.84942,-7.14164,40.26,83.90,8,-165.26,-56.79,47.53
2392015,15343,-34.84942,-7.14164,40.26,83.90,8,-165.26,-56.79,47.86
2392015,15343,-34.84942,-7.14164,40.26,83.90,10,-165.26,-56.79,48.35
2392015,15343,-34.84942,-7.14164,40.26,83.90,10,-165.26,-56.79,48.68
2392015,15343,-34.84942,-7.14164,40.26,83.90,10,-165.26,-56.79,48.68
2392015,15343,-34.84942,-7.14164,40.26,83.90,10,-165.26,-56.79,48.68
2392015,15343,-34.84942,-7.14164,40.26,83.90,10,-165.26,-56.79,48.68
2392015,15344,-34.84942,-7.14164,40.26,83.90,10,-165.26,-56.79,48.68
2392015,15344,-34.84934,-7.14161,36.04,83.90,10,-165.26,-56.79,48.68
2392015,15344,-34.84934,-7.14161,36.04,83.90,10,-165.26,-56.79,48.68
2392015,15344,-34.84934,-7.14161,36.04,83.00,10,-165.26,-56.79,48.68
2392015,15344,-34.84934,-7.14161,36.04,83.00,10,-165.26,-56.79,48.61
2392015,15344,-34.84934,-7.14161,36.04,83.00,10,-165.26,-56.79,48.61
2392015,15344,-34.84934,-7.14161,36.04,83.00,10,-165.26,-56.79,48.61
2392015,15345,-34.84934,-7.14161,36.04,83.00,10,-165.26,-56.79,48.61
2392015,15345,-34.84934,-7.14161,36.04,83.00,10,-165.26,-55.62,48.61
2392015,15345,-34.84928,-7.14159,28.41,83.00,10,-165.26,-55.62,48.61
2392015,15345,-34.84928,-7.14159,28.41,83.00,10,-165.26,-55.62,48.61
2392015,15345,-34.84928,-7.14159,28.41,82.40,10,-165.26,-56.62,48.61
2392015,15345,-34.84928,-7.14159,28.41,82.40,10,-165.26,-56.62,48.61
2392015,15345,-34.84928,-7.14159,28.41,82.40,10,-165.26,-56.62,48.61
2392015,15345,-34.84928,-7.14159,28.41,82.40,10,-165.26,-56.62,48.61
2392015,15346,-34.84928,-7.14159,28.41,82.40,10,-165.26,-56.62,48.61
2392015,15346,-34.84922,-7.14159,24.59,82.40,10,-165.26,-56.62,48.61
2392015,15346,-34.84922,-7.14159,24.59,82.40,10,-165.26,-56.62,48.61
2392015,15346,-34.84922,-7.14159,24.59,81.50,10,-165.26,-55.74,48.61
2392015,15346,-34.84922,-7.14159,24.59,81.50,10,-165.26,-55.74,48.61
2392015,15346,-34.84922,-7.14159,24.59,81.50,10,-165.26,-55.74,48.61
2392015,15346,-34.84922,-7.14159,24.59,81.50,10,-165.26,-55.74,48.61
2392015,15347,-34.84922,-7.14159,24.59,81.50,10,-165.26,-56.48,48.61
2392015,15347,-34.84922,-7.14159,24.59,81.50,10,-165.26,-57.75,48.61
2392015,15347,-34.84917,-7.14158,21.30,81.50,10,-165.26,-57.75,48.61
2392015,15347,-34.84917,-7.14158,21.30,81.50,10,-165.26,-58.08,48.61
2392015,15347,-34.84917,-7.14158,21.30,81.10,10,-165.26,-58.08,48.61
2392015,15347,-34.84917,-7.14158,21.30,81.10,10,-165.26,-58.08,48.61
2392015,15347,-34.84917,-7.14158,21.30,81.10,10,-165.26,-58.70,48.61
2392015,15347,-34.84917,-7.14158,21.30,81.10,10,-165.26,-58.70,48.61
2392015,15348,-34.84917,-7.14158,21.30,81.10,10,-165.26,-58.70,48.61
2392015,15348,-34.84917,-7.14158,21.30,81.10,10,-165.26,-58.70,48.61
2392015,15348,-34.84913,-7.14155,19.15,81.10,10,-165.26,-58.70,48.61
2392015,15348,-34.84913,-7.14155,19.15,81.10,10,-165.26,-58.29,48.61
2392015,15348,-34.84913,-7.14155,19.15,81.20,10,-165.26,-58.29,48.61
2392015,15348,-34.84913,-7.14155,19.15,81.20,10,-165.26,-58.29,48.61
2392015,15348,-34.84913,-7.14155,19.15,81.20,10,-165.26,-58.29,48.61
2392015,15349,-34.84913,-7.14155,19.15,81.20,10,-165.26,-58.29,48.61
2392015,15349,-34.84913,-7.14155,19.15,81.20,10,-165.26,-58.29,48.61
2392015,15349,-34.84911,-7.14153,14.13,81.20,10,-165.26,-58.29,48.61
2392015,15349,-34.84911,-7.14153,14.13,81.20,10,-165.26,-58.29,48.61
2392015,15349,-34.84911,-7.14153,14.13,81.00,9,-165.26,-58.29,48.61
2392015,15349,-34.84911,-7.14153,14.13,81.00,9,-165.26,-58.91,48.61
2392015,15349,-34.84911,-7.14153,14.13,81.00,9,-165.26,-58.91,48.61
2392015,15349,-34.84911,-7.14153,14.13,81.00,9,-165.26,-58.02,48.61
2392015,15350,-34.84911,-7.14153,14.13,81.00,9,-165.26,-58.02,48.61
2392015,15350,-34.84911,-7.14153,14.13,81.00,9,-165.26,-58.02,48.61
2392015,15350,-34.84911,-7.14153,14.13,81.00,9,-165.26,-58.27,48.61
2392015,15350,-34.84911,-7.14149,15.59,81.00,9,-165.26,-58.27,48.61
2392015,15350,-34.84911,-7.14149,15.59,81.00,9,-165.26,-58.78,48.61
2392015,15350,-34.84911,-7.14149,15.59,81.30,10,-165.26,-58.78,48.61
2392015,15350,-34.84911,-7.14149,15.59,81.30,10,-165.26,-58.78,48.61
2392015,15350,-34.84911,-7.14149,15.59,81.30,10,-165.26,-57.82,48.61
2392015,15351,-34.84911,-7.14149,15.59,81.30,10,-165.26,-57.82,48.61
2392015,15351,-34.84911,-7.14149,15.59,81.30,10,-165.26,-57.82,48.61
2392015,15351,-34.84912,-7.14146,13.45,81.30,10,-165.26,-58.56,48.61
2392015,15351,-34.84912,-7.14146,13.45,81.30,10,-165.26,-59.39,48.61
2392015,15351,-34.84912,-7.14146,13.45,81.60,8,-165.26,-59.39,48.61
2392015,15351,-34.84912,-7.14146,13.45,81.60,8,-165.26,-59.39,48.61
2392015,15351,-34.84912,-7.14146,13.45,81.60,8,-165.26,-59.39,48.61
2392015,15351,-34.84912,-7.14146,13.45,81.60,8,-165.26,-58.18,48.61
2392015,15352,-34.84912,-7.14146,13.45,81.60,8,-165.26,-58.18,48.61
2392015,15352,-34.84914,-7.14146,8.17,81.60,8,-165.26,-58.18,48.61
2392015,15352,-34.84914,-7.14146,8.17,81.60,8,-165.26,-58.18,48.61
2392015,15352,-34.84914,-7.14146,8.17,81.20,9,-165.26,-58.18,48.61
2392015,15352,-34.84914,-7.14146,8.17,81.20,9,-165.26,-58.18,48.61
2392015,15352,-34.84914,-7.14146,8.17,81.20,9,-165.26,-58.18,48.61
2392015,15352,-34.84914,-7.14146,8.17,81.20,9,-165.26,-58.18,48.61
2392015,15353,-34.84914,-7.14146,8.17,81.20,9,-165.26,-58.18,48.61
2392015,15353,-34.84914,-7.14146,8.17,81.20,9,-165.26,-58.18,48.61
2392015,15353,-34.84924,-7.14150,22.17,81.20,9,-165.26,-58.18,48.61
2392015,15353,-34.84924,-7.14150,22.17,81.20,9,-165.26,-58.18,48.61
2392015,15353,-34.84924,-7.14150,22.17,75.70,9,-165.26,-59.26,48.49
2392015,15353,-34.84924,-7.14150,22.17,75.70,9,-165.26,-59.42,48.49
2392015,15353,-34.84924,-7.14150,22.17,75.70,9,-165.26,-59.42,48.49
2392015,15353,-34.84924,-7.14150,22.17,75.70,9,-165.26,-59.42,48.49
2392015,15354,-34.84924,-7.14150,22.17,75.70,9,-166.41,-58.51,48.49
2392015,15354,-34.84924,-7.14150,22.17,75.70,9,-166.41,-58.51,48.49
2392015,15354,-34.84931,-7.14154,29.59,75.70,9,-166.41,-58.51,48.39
2392015,15354,-34.84931,-7.14154,29.59,75.70,9,-166.41,-58.51,48.39
2392015,15354,-34.84931,-7.14154,29.59,75.10,10,-166.41,-58.51,48.39
2392015,15354,-34.84931,-7.14154,29.59,75.10,10,-167.16,-58.51,48.39
2392015,15354,-34.84931,-7.14154,29.59,75.10,10,-168.84,-58.51,48.39
2392015,15354,-34.84931,-7.14154,29.59,75.10,10,-168.84,-58.51,48.39
2392015,15355,-34.84931,-7.14154,29.59,75.10,10,-168.84,-58.51,48.39
2392015,15355,-34.84931,-7.14154,29.59,75.10,10,-168.84,-58.51,48.39
2392015,15355,-34.84940,-7.14158,37.06,75.10,10,-168.84,-58.51,48.39
2392015,15355,-34.84940,-7.14158,37.06,75.10,10,-168.84,-58.51,48.39
2392015,15355,-34.84940,-7.14158,37.06,75.40,10,-168.84,-58.51,48.39
2392015,15355,-34.84940,-7.14158,37.06,75.40,10,-168.84,-58.51,48.39
2392015,15355,-34.84940,-7.14158,37.06,75.40,10,-168.84,-58.51,48.39
2392015,15355,-34.84940,-7.14158,37.06,75.40,10,-168.84,-58.51,48.39
2392015,15356,-34.84940,-7.14158,37.06,75.40,10,-168.84,-58.51,48.39
2392015,15356,-34.84950,-7.14161,41.65,75.40,10,-168.84,-58.51,48.39
2392015,15356,-34.84950,-7.14161,41.65,75.40,10,-168.84,-57.94,48.39
2392015,15356,-34.84950,-7.14161,41.65,74.80,10,-168.84,-57.94,48.39
2392015,15356,-34.84950,-7.14161,41.65,74.80,10,-168.84,-58.60,48.39
2392015,15356,-34.84950,-7.14161,41.65,74.80,10,-168.84,-58.60,48.39
2392015,15356,-34.84950,-7.14161,41.65,74.80,10,-168.84,-58.60,48.39
2392015,15357,-34.84950,-7.14161,41.65,74.80,10,-168.84,-58.60,48.39
2392015,15357,-34.84950,-7.14161,41.65,74.80,10,-168.84,-58.60,48.39
2392015,15357,-34.84961,-7.14165,47.34,74.80,10,-168.84,-58.60,48.39
2392015,15357,-34.84961,-7.14165,47.34,74.80,10,-168.84,-58.60,48.39
2392015,15357,-34.84961,-7.14165,47.34,74.10,10,-168.84,-58.60,48.39
2392015,15357,-34.84961,-7.14165,47.34,74.10,10,-168.84,-58.60,48.39
2392015,15357,-34.84961,-7.14165,47.34,74.10,10,-168.84,-58.60,48.39
2392015,15357,-34.84961,-7.14165,47.34,74.10,10,-168.84,-58.60,48.39
2392015,15358,-34.84961,-7.14165,47.34,74.10,10,-168.84,-58.60,48.39
2392015,15358,-34.84974,-7.14169,52.76,74.10,10,-168.84,-58.60,48.39
2392015,15358,-34.84974,-7.14169,52.76,74.10,10,-168.84,-58.60,48.34
2392015,15358,-34.84974,-7.14169,52.76,73.20,10,-168.84,-58.60,48.15
2392015,15358,-34.84974,-7.14169,52.76,73.20,10,-168.84,-59.30,47.97
2392015,15358,-34.84974,-7.14169,52.76,73.20,10,-168.84,-59.30,47.97
2392015,15358,-34.84974,-7.14169,52.76,73.20,10,-168.84,-59.30,47.85
2392015,15359,-34.84974,-7.14169,52.76,73.20,10,-168.84,-59.30,47.59
2392015,15359,-34.84974,-7.14169,52.76,73.20,10,-168.84,-59.30,47.48
2392015,15359,-34.84987,-7.14173,53.84,73.20,10,-168.84,-59.30,47.19
2392015,15359,-34.84987,-7.14173,53.84,73.20,10,-168.84,-59.66,46.98
2392015,15359,-34.84987,-7.14173,53.84,72.70,10,-168.84,-61.74,46.54
2392015,15359,-34.84987,-7.14173,53.84,72.70,10,-168.84,-61.74,46.24
2392015,15359,-34.84987,-7.14173,53.84,72.70,10,-168.84,-62.70,45.96
2392015,15359,-34.84987,-7.14173,53.84,72.70,10,-168.84,-64.20,45.68
2392015,1540,-34.84987,-7.14173,53.84,72.70,10,-168.84,-64.20,45.68
2392015,1540,-34.84987,-7.14173,53.84,72.70,10,-168.84,-64.58,45.62
2392015,1540,-34.84998,-7.14176,43.11,72.70,10,-168.84,-67.02,45.26
2392015,1540,-34.84998,-7.14176,43.11,72.70,10,-168.84,-67.22,45.05
2392015,1540,-34.84998,-7.14176,43.11,72.90,9,-169.79,-64.88,45.05
2392015,1540,-34.84998,-7.14176,43.11,72.90,9,-171.29,-64.99,44.96
2392015,1540,-34.84998,-7.14176,43.11,72.90,9,-171.29,-64.99,44.72
2392015,1540,-34.84998,-7.14176,43.11,72.90,9,-172.21,-64.29,44.41
2392015,1541,-34.84998,-7.14176,43.11,72.90,9,-172.21,-62.90,44.04
2392015,1541,-34.85006,-7.14178,36.24,72.90,9,-172.21,-60.95,43.74
2392015,1541,-34.85006,-7.14178,36.24,72.90,9,-172.21,-59.17,43.74
2392015,1541,-34.85006,-7.14178,36.24,71.80,9,-172.21,-59.09,43.52
2392015,1541,-34.85006,-7.14178,36.24,71.80,9,-172.21,-61.33,43.52
2392015,1541,-34.85006,-7.14178,36.24,71.80,9,-172.21,-63.18,43.52
2392015,1541,-34.85006,-7.14178,36.24,71.80,9,-170.12,-63.28,43.44
2392015,1542,-34.85006,-7.14178,36.24,71.80,9,-170.12,-64.42,43.14
2392015,1542,-34.85012,-7.14180,26.76,71.80,9,-170.12,-64.42,43.14
2392015,1542,-34.85012,-7.14180,26.76,71.80,9,-170.72,-65.76,43.14
2392015,1542,-34.85012,-7.14180,26.76,71.00,9,-170.72,-70.18,43.05
2392015,1542,-34.85012,-7.14180,26.76,71.00,9,-168.90,-70.73,42.81
2392015,1542,-34.85012,-7.14180,26.76,71.00,9,-164.70,-70.88,42.50
2392015,1542,-34.85012,-7.14180,26.76,71.00,9,-164.70,-70.88,42.47
2392015,1542,-34.85012,-7.14180,26.76,71.00,9,-164.70,-70.02,42.49
2392015,1543,-34.85012,-7.14180,26.76,71.00,9,-164.70,-70.02,42.41
2392015,1543,-34.85012,-7.14180,26.76,71.00,9,-164.70,-67.11,42.49
2392015,1543,-34.85017,-7.14181,20.72,71.00,9,-164.70,-61.41,42.49
2392015,1543,-34.85017,-7.14181,20.72,71.00,9,-164.70,-61.41,42.49
2392015,1543,-34.85017,-7.14181,20.72,69.30,10,-164.70,-59.95,42.27
2392015,1543,-34.85017,-7.14181,20.72,69.30,10,-164.70,-59.71,42.17
2392015,1543,-34.85017,-7.14181,20.72,69.30,10,-164.70,-56.91,42.37
2392015,1543,-34.85017,-7.14181,20.72,69.30,10,-165.99,-46.66,42.79
2392015,1544,-34.85017,-7.14181,20.72,69.30,10,-168.59,-39.04,42.79
2392015,1544,-34.85017,-7.14181,20.72,69.30,10,-168.59,-39.04,42.68
2392015,1544,-34.85023,-7.14182,24.82,69.30,10,-168.59,-41.29,42.25
2392015,1544,-34.85023,-7.14182,24.82,69.30,10,-169.12,-44.35,42.03
2392015,1544,-34.85023,-7.14182,24.82,68.80,10,-169.12,-49.04,42.03
2392015,1544,-34.85023,-7.14182,24.82,68.80,10,-171.90,-49.40,42.22
2392015,1544,-34.85023,-7.14182,24.82,68.80,10,-176.72,-49.40,42.49
2392015,1544,-34.85023,-7.14182,24.82,68.80,10,-176.72,-49.40,42.49
2392015,1545,-34.85023,-7.14182,24.82,68.80,10,-178.00,-52.61,42.21
2392015,1545,-34.85023,-7.14182,24.82,68.80,10,-180.21,-55.30,42.21
2392015,1545,-34.85030,-7.14184,28.71,68.80,10,-180.21,-57.71,42.62
2392015,1545,-34.85030,-7.14184,28.71,68.80,10,-180.21,-57.71,42.62
2392015,1545,-34.85030,-7.14184,28.71,68.50,9,-177.18,-61.98,42.07
2392015,1545,-34.85030,-7.14184,28.71,68.50,9,-176.47,-61.98,42.07
2392015,1545,-34.85030,-7.14184,28.71,68.50,9,-176.47,-61.98,41.94
2392015,1546,-34.85030,-7.14184,28.71,68.50,9,-176.47,-63.13,41.65
2392015,1546,-34.85030,-7.14184,28.71,68.50,9,-176.47,-60.02,41.57
2392015,1546,-34.85036,-7.14186,24.84,68.50,9,-176.47,-57.03,41.95
2392015,1546,-34.85036,-7.14186,24.84,68.50,9,-176.47,-59.70,41.95
2392015,1546,-34.85036,-7.14186,24.84,68.30,9,-176.47,-59.79,41.67
2392015,1546,-34.85036,-7.14186,24.84,68.30,9,-174.79,-54.49,41.22
2392015,1546,-34.85036,-7.14186,24.84,68.30,9,-167.93,-53.07,41.07
2392015,1546,-34.85036,-7.14186,24.84,68.30,9,-165.97,-52.11,41.07
2392015,1547,-34.85036,-7.14186,24.84,68.30,9,-165.97,-53.40,41.07
2392015,1547,-34.85036,-7.14186,24.84,68.30,9,-165.97,-56.11,40.99
2392015,1547,-34.85040,-7.14186,19.45,68.30,9,-165.97,-51.64,40.99
2392015,1547,-34.85040,-7.14186,19.45,68.30,9,-165.97,-46.54,41.19
2392015,1547,-34.85040,-7.14186,19.45,66.70,9,-168.80,-42.02,41.17
2392015,1547,-34.85040,-7.14186,19.45,66.70,9,-168.80,-41.11,40.84
2392015,1547,-34.85040,-7.14186,19.45,66.70,9,-170.61,-45.32,40.37
2392015,1547,-34.85040,-7.14186,19.45,66.70,9,-170.61,-43.81,39.88
2392015,1548,-34.85040,-7.14186,19.45,66.70,9,-170.61,-41.66,40.05
2392015,1548,-34.85042,-7.14186,10.04,66.70,9,-170.61,-43.72,40.05
2392015,1548,-34.85042,-7.14186,10.04,66.70,9,-170.61,-42.12,40.05
2392015,1548,-34.85042,-7.14186,10.04,66.90,9,-170.61,-36.97,40.05
2392015,1548,-34.85042,-7.14186,10.04,66.90,9,-170.61,-37.19,39.91
2392015,1548,-34.85042,-7.14186,10.04,66.90,9,-170.61,-39.82,39.91
2392015,1548,-34.85042,-7.14186,10.04,66.90,9,-166.13,-36.34,39.36
2392015,1549,-34.85042,-7.14186,10.04,66.90,9,-168.45,-35.92,39.25
2392015,1549,-34.85042,-7.14186,10.04,66.90,9,-172.28,-37.83,39.64
2392015,1549,-34.85044,-7.14185,9.06,66.90,9,-172.28,-37.74,39.82
2392015,1549,-34.85044,-7.14185,9.06,66.90,9,-172.28,-35.81,39.54
2392015,1549,-34.85044,-7.14185,9.06,66.40,9,-172.28,-32.92,39.54
2392015,1549,-34.85044,-7.14185,9.06,66.40,9,-172.28,-28.08,39.54
2392015,1549,-34.85044,-7.14185,9.06,66.40,9,-173.42,-27.36,39.42
2392015,1549,-34.85044,-7.14185,9.06,66.40,9,-178.76,-29.68,39.57
2392015,15410,-34.85044,-7.14185,9.06,66.40,9,-178.76,-26.01,39.74
2392015,15410,-34.85044,-7.14185,9.06,66.40,9,-178.76,-25.24,39.75
2392015,15410,-34.85046,-7.14183,9.87,66.40,9,-178.76,-23.88,39.75
2392015,15410,-34.85046,-7.14183,9.87,66.40,9,-181.41,-23.07,39.75
2392015,15410,-34.85046,-7.14183,9.87,65.30,9,-181.41,-25.30,39.52
2392015,15410,-34.85046,-7.14183,9.87,65.30,9,-181.41,-27.96,39.52
2392015,15410,-34.85046,-7.14183,9.87,65.30,9,-182.35,-31.21,39.86
2392015,15410,-34.85046,-7.14183,9.87,65.30,9,-182.35,-34.12,39.78
2392015,15411,-34.85046,-7.14183,9.87,65.30,9,-182.35,-31.45,39.64
2392015,15411,-34.85047,-7.14180,14.41,65.30,9,-182.35,-21.26,40.21
2392015,15411,-34.85047,-7.14180,14.41,65.30,9,-181.04,-18.82,40.28
2392015,15411,-34.85047,-7.14180,14.41,64.50,10,-175.38,-21.28,39.94
2392015,15411,-34.85047,-7.14180,14.41,64.50,10,-175.38,-18.09,39.94
2392015,15411,-34.85047,-7.14180,14.41,64.50,10,-176.53,-16.93,39.94
2392015,15411,-34.85047,-7.14180,14.41,64.50,10,-178.71,-22.83,39.94
2392015,15412,-34.85047,-7.14180,14.41,64.50,10,-178.71,-26.37,39.94
2392015,15412,-34.85049,-7.14175,18.76,64.50,10,-182.76,-30.78,40.06
2392015,15412,-34.85049,-7.14175,18.76,64.50,10,-182.76,-31.53,40.19
2392015,15412,-34.85049,-7.14175,18.76,63.80,10,-180.63,-24.67,40.74
2392015,15412,-34.85049,-7.14175,18.76,63.80,10,-181.71,-21.58,40.98
2392015,15412,-34.85049,-7.14175,18.76,63.80,10,-181.71,-17.48,41.04
2392015,15412,-34.85049,-7.14175,18.76,63.80,10,-181.71,-13.71,41.05
2392015,15412,-34.85049,-7.14175,18.76,63.80,10,-182.89,-9.01,40.97
2392015,15413,-34.85049,-7.14175,18.76,63.80,10,-182.89,-5.17,40.99
2392015,15413,-34.85049,-7.14175,18.76,63.80,10,-183.63,-1.91,40.99
2392015,15413,-34.85051,-7.14170,22.74,63.80,10,-183.63,1.79,41.08
2392015,15413,-34.85051,-7.14170,22.74,63.80,10,-183.63,3.65,40.97
2392015,15413,-34.85051,-7.14170,22.74,63.30,10,-186.02,10.64,41.46
2392015,15413,-34.85051,-7.14170,22.74,63.30,10,-190.92,18.51,42.61
2392015,15413,-34.85051,-7.14170,22.74,63.30,10,-190.92,19.35,43.00
2392015,15413,-34.85051,-7.14170,22.74,63.30,10,-190.92,15.70,43.00
2392015,15414,-34.85051,-7.14170,22.74,63.30,10,-190.92,13.49,43.00
2392015,15414,-34.85051,-7.14170,22.74,63.30,10,-191.39,14.61,43.00
2392015,15414,-34.85052,-7.14164,27.71,63.30,10,-191.39,14.61,43.00
2392015,15414,-34.85052,-7.14164,27.71,63.30,10,-191.39,14.61,43.00
2392015,15414,-34.85052,-7.14164,27.71,63.10,10,-191.39,13.46,42.91
2392015,15414,-34.85052,-7.14164,27.71,63.10,10,-191.39,13.46,42.74
2392015,15414,-34.85052,-7.14164,27.71,63.10,10,-191.39,12.71,42.53
2392015,15414,-34.85052,-7.14164,27.71,63.10,10,-191.39,12.71,42.29
2392015,15415,-34.85052,-7.14164,27.71,63.10,10,-191.39,12.71,42.00
2392015,15415,-34.85052,-7.14164,27.71,63.10,10,-191.39,12.71,41.87
2392015,15415,-34.85054,-7.14156,33.56,63.10,10,-191.39,12.71,41.61
2392015,15415,-34.85054,-7.14156,33.56,63.10,10,-191.39,11.93,41.47
2392015,15415,-34.85054,-7.14156,33.56,62.10,9,-191.39,11.93,41.21
2392015,15415,-34.85054,-7.14156,33.56,62.10,9,-191.39,11.12,41.04
2392015,15415,-34.85054,-7.14156,33.56,62.10,9,-191.39,8.90,40.87
2392015,15415,-34.85054,-7.14156,33.56,62.10,9,-191.39,8.90,40.71
2392015,15416,-34.85054,-7.14156,33.56,62.10,9,-191.39,8.90,40.52
2392015,15416,-34.85057,-7.14147,35.85,62.10,9,-191.39,8.90,40.30
2392015,15416,-34.85057,-7.14147,35.85,62.10,9,-191.39,8.90,40.30
2392015,15416,-34.85057,-7.14147,35.85,61.40,9,-191.39,7.86,40.20
2392015,15416,-34.85057,-7.14147,35.85,61.40,9,-191.39,6.23,40.20
2392015,15416,-34.85057,-7.14147,35.85,61.40,9,-191.39,6.23,40.12
2392015,15416,-34.85057,-7.14147,35.85,61.40,9,-191.39,5.59,39.96
2392015,15417,-34.85057,-7.14147,35.85,61.40,9,-191.39,5.59,39.96
2392015,15417,-34.85057,-7.14147,35.85,61.40,9,-191.39,5.59,39.96
2392015,15417,-34.85059,-7.14138,37.50,61.40,9,-191.39,5.59,39.96
2392015,15417,-34.85059,-7.14138,37.50,61.40,9,-191.39,5.59,39.96
2392015,15417,-34.85059,-7.14138,37.50,60.70,7,-191.39,5.59,39.96
2392015,15417,-34.85059,-7.14138,37.50,60.70,7,-191.39,5.59,39.96
2392015,15417,-34.85059,-7.14138,37.50,60.70,7,-191.39,5.59,39.96
2392015,15417,-34.85059,-7.14138,37.50,60.70,7,-191.39,5.59,39.96
2392015,15418,-34.85059,-7.14138,37.50,60.70,7,-191.39,5.59,39.96
2392015,15418,-34.85061,-7.14129,37.19,60.70,7,-191.39,5.59,39.96
2392015,15418,-34.85061,-7.14129,37.19,60.70,7,-191.39,5.59,39.96
2392015,15418,-34.85061,-7.14129,37.19,60.80,7,-191.39,5.59,39.96
2392015,15418,-34.85061,-7.14129,37.19,60.80,7,-191.39,5.59,39.96
2392015,15418,-34.85061,-7.14129,37.19,60.80,7,-191.39,5.59,39.96
2392015,15418,-34.85061,-7.14129,37.19,60.80,7,-191.39,5.59,39.96
2392015,15419,-34.85061,-7.14129,37.19,60.80,7,-191.39,5.59,39.96
2392015,15419,-34.85061,-7.14129,37.19,60.80,7,-191.39,5.59,39.96
2392015,15419,-34.85063,-7.14120,34.91,60.80,7,-191.39,5.59,39.96
2392015,15419,-34.85063,-7.14120,34.91,60.80,7,-191.39,5.59,39.96
2392015,15419,-34.85063,-7.14120,34.91,60.40,9,-191.39,5.59,39.96
2392015,15419,-34.85063,-7.14120,34.91,60.40,9,-191.39,5.59,39.96
2392015,15419,-34.85063,-7.14120,34.91,60.40,9,-191.39,5.59,39.96
2392015,15419,-34.85063,-7.14120,34.91,60.40,9,-191.39,5.59,39.96
2392015,15420,-34.85063,-7.14120,34.91,60.40,9,-191.39,5.59,39.96
2392015,15420,-34.85063,-7.14120,34.91,60.40,9,-191.39,5.59,39.96
2392015,15420,-34.85065,-7.14113,31.61,60.40,9,-191.39,5.59,39.96
2392015,15420,-34.85065,-7.14113,31.61,60.40,9,-191.39,5.59,39.96
2392015,15420,-34.85065,-7.14113,31.61,59.80,10,-191.39,5.59,39.96
2392015,15420,-34.85065,-7.14113,31.61,59.80,10,-191.39,5.59,39.96
2392015,15420,-34.85065,-7.14113,31.61,59.80,10,-191.39,5.59,39.96
2392015,15420,-34.85065,-7.14113,31.61,59.80,10,-191.39,5.59,39.96
2392015,15421,-34.85065,-7.14113,31.61,59.80,10,-191.39,5.59,39.96
2392015,15421,-34.85068,-7.14106,27.74,59.80,10,-191.39,5.59,39.96
2392015,15421,-34.85068,-7.14106,27.74,59.80,10,-191.39,5.59,39.96
2392015,15421,-34.85068,-7.14106,27.74,59.90,8,-191.39,5.59,39.96
2392015,15421,-34.85068,-7.14106,27.74,59.90,8,-191.39,5.59,39.96
2392015,15421,-34.85068,-7.14106,27.74,59.90,8,-191.39,5.59,39.96
2392015,15421,-34.85068,-7.14106,27.74,59.90,8,-191.39,5.59,39.96
2392015,15422,-34.85069,-7.14100,22.87,59.90,8,-191.39,5.59,39.96
2392015,15422,-34.85069,-7.14100,22.87,59.90,8,-191.39,5.59,39.96
2392015,15422,-34.85069,-7.14100,22.87,59.70,8,-191.39,5.59,39.96
2392015,15422,-34.85069,-7.14100,22.87,59.70,8,-191.39,5.59,39.96
2392015,15422,-34.85069,-7.14100,22.87,59.70,8,-191.39,5.59,39.96
2392015,15422,-34.85069,-7.14100,22.87,59.70,8,-191.39,5.59,39.96
2392015,15422,-34.85069,-7.14100,22.87,59.70,8,-191.39,5.59,39.96
2392015,15422,-34.85069,-7.14100,22.87,59.70,8,-191.39,5.59,39.96
2392015,15423,-34.85069,-7.14100,22.87,59.70,8,-191.39,5.59,39.96
2392015,15423,-34.85070,-7.14095,20.09,59.70,8,-191.39,5.59,39.96
2392015,15423,-34.85070,-7.14095,20.09,59.70,8,-191.39,5.59,39.96
2392015,15423,-34.85070,-7.14095,20.09,60.40,8,-191.39,5.59,39.96
2392015,15423,-34.85070,-7.14095,20.09,60.40,8,-191.39,5.59,39.96
2392015,15423,-34.85070,-7.14095,20.09,60.40,8,-191.39,5.59,39.96
2392015,15423,-34.85070,-7.14095,20.09,60.40,8,-191.39,5.59,39.96
2392015,15423,-34.85070,-7.14095,20.09,60.40,8,-191.39,5.59,39.96
2392015,15424,-34.85070,-7.14095,20.09,60.40,8,-191.39,5.59,39.96
2392015,15424,-34.85070,-7.14095,20.09,60.40,8,-191.39,5.59,39.96
2392015,15424,-34.85070,-7.14092,16.08,60.40,8,-191.39,5.59,39.96
2392015,15424,-34.85070,-7.14092,16.08,60.40,8,-191.39,5.59,39.96
2392015,15424,-34.85070,-7.14092,16.08,61.30,10,-191.39,5.59,39.96
2392015,15424,-34.85070,-7.14092,16.08,61.30,10,-191.39,5.59,39.96
2392015,15424,-34.85070,-7.14092,16.08,61.30,10,-191.39,5.59,39.96
2392015,15425,-34.85070,-7.14092,16.08,61.30,10,-191.39,5.59,39.96
2392015,15425,-34.85070,-7.14092,16.08,61.30,10,-191.39,5.59,39.96
2392015,15425,-34.85069,-7.14090,8.19,61.30,10,-191.39,5.59,39.96
2392015,15425,-34.85069,-7.14090,8.19,61.30,10,-191.39,5.59,39.96
2392015,15425,-34.85069,-7.14090,8.19,62.10,7,-191.39,5.59,39.96
2392015,15425,-34.85069,-7.14090,8.19,62.10,7,-191.39,5.59,39.96
2392015,15425,-34.85069,-7.14090,8.19,62.10,7,-191.39,5.59,39.96
2392015,15425,-34.85069,-7.14090,8.19,62.10,7,-191.39,5.59,39.96
2392015,15426,-34.85069,-7.14090,8.19,62.10,7,-191.39,5.59,39.96
2392015,15426,-34.85069,-7.14090,8.19,62.10,7,-191.39,5.59,39.96
2392015,15426,-34.85068,-7.14089,5.44,62.10,7,-191.39,5.59,39.96
2392015,15426,-34.85068,-7.14089,5.44,62.10,7,-191.39,5.59,39.96
2392015,15426,-34.85068,-7.14089,5.44,62.30,9,-191.39,5.59,39.96
2392015,15426,-34.85068,-7.14089,5.44,62.30,9,-191.39,5.59,39.96
2392015,15426,-34.85068,-7.14089,5.44,62.30,9,-191.39,5.59,39.96
2392015,15426,-34.85068,-7.14089,5.44,62.30,9,-191.39,5.59,39.96
2392015,15427,-34.85068,-7.14089,5.44,62.30,9,-191.39,5.59,39.96
2392015,15427,-34.85068,-7.14089,5.44,62.30,9,-191.39,6.82,40.03
2392015,15427,-34.85067,-7.14089,0.56,62.30,9,-191.39,6.82,40.03
2392015,15427,-34.85067,-7.14089,0.56,62.30,9,-191.39,6.82,40.03
2392015,15427,-34.85067,-7.14089,0.56,62.40,8,-191.39,6.82,40.03
2392015,15427,-34.85067,-7.14089,0.56,62.40,8,-191.39,6.82,40.03
2392015,15427,-34.85067,-7.14089,0.56,62.40,8,-191.39,6.07,40.03
2392015,15427,-34.85067,-7.14089,0.56,62.40,8,-191.39,6.07,39.94
2392015,15428,-34.85067,-7.14089,0.56,62.40,8,-191.39,6.07,39.94
2392015,15428,-34.85067,-7.14089,0.15,62.40,8,-191.39,5.02,39.94
2392015,15428,-34.85067,-7.14089,0.15,62.40,8,-191.39,5.02,39.94
2392015,15428,-34.85067,-7.14089,0.15,62.40,8,-191.39,5.02,39.94
2392015,15428,-34.85067,-7.14089,0.15,62.40,8,-192.93,5.02,39.94
2392015,15428,-34.85067,-7.14089,0.15,62.40,8,-192.93,5.02,39.94
2392015,15428,-34.85067,-7.14089,0.15,62.40,8,-192.93,5.02,39.94
2392015,15429,-34.85067,-7.14089,0.15,62.40,8,-192.93,5.02,39.94
2392015,15429,-34.85067,-7.14089,0.15,62.40,8,-192.93,5.02,39.94
2392015,15429,-34.85068,-7.14089,1.07,62.40,8,-194.24,4.04,39.94
2392015,15429,-34.85068,-7.14089,1.07,62.40,8,-193.58,4.04,39.94
2392015,15429,-34.85068,-7.14089,1.07,62.90,8,-193.58,4.04,39.94
2392015,15429,-34.85068,-7.14089,1.07,62.90,8,-193.58,4.04,39.94
2392015,15429,-34.85068,-7.14089,1.07,62.90,8,-195.15,4.04,39.94
2392015,15429,-34.85068,-7.14089,1.07,62.90,8,-195.15,4.04,39.94
2392015,15429,-34.85068,-7.14089,1.07,62.90,8,-195.15,4.04,39.94
